0.0 2.0 0.0 0.0 6.0
0.0 0.0 0.0 0.0 0.0
0.3 0.0 0.0 6.0 0.0
0.0 2.0 0.0 0.0 6.0
0.3 2.0 0.0 6.0 6.0
0.3 0.0 0.0 6.0 0.0
0.3 2.0 0.0 0.0 6.0
0.3 1.1 0.0 0.0 0.0
0.8 1.1 0.0 6.0 0.0
0.3 2.0 0.0 0.0 6.0
0.8 2.0 0.0 6.0 6.0
0.8 1.1 0.0 6.0 0.0
0.3 0.5 0.0 0.0 6.0
0.3 0.0 0.0 0.0 0.0
0.8 0.0 0.0 6.0 0.0
0.3 0.5 0.0 0.0 6.0
0.8 0.5 0.0 6.0 6.0
0.8 0.0 0.0 6.0 0.0
0.8 2.0 0.0 0.0 6.0
0.8 0.0 0.0 0.0 0.0
6.0 0.0 0.0 6.0 0.0
0.8 2.0 0.0 0.0 6.0
6.0 2.0 0.0 6.0 6.0
6.0 0.0 0.0 6.0 0.0
0.0 2.0 0.0 0.0 6.0
0.0 0.0 0.0 0.0 0.0
0.0 0.0 4.0 6.0 0.0
0.0 2.0 0.0 0.0 6.0
0.0 2.0 4.0 6.0 6.0
0.0 0.0 4.0 6.0 0.0
6.0 2.0 0.0 0.0 6.0
6.0 0.0 0.0 0.0 0.0
6.0 0.0 4.0 6.0 0.0
6.0 2.0 0.0 0.0 6.0
6.0 2.0 4.0 6.0 6.0
6.0 0.0 4.0 6.0 0.0
0.0 2.0 4.0 0.0 6.0
0.0 0.0 4.0 0.0 0.0
6.0 0.0 4.0 6.0 0.0
0.0 2.0 4.0 0.0 6.0
6.0 2.0 4.0 6.0 6.0
6.0 0.0 4.0 6.0 0.0
0.0 2.0 4.0 0.0 6.0
0.0 0.0 4.0 0.0 0.0
0.3 0.0 4.0 6.0 0.0
0.0 2.0 4.0 0.0 6.0
0.3 2.0 4.0 6.0 6.0
0.3 0.0 4.0 6.0 0.0
0.3 2.0 4.0 0.0 6.0
0.3 1.1 4.0 0.0 0.0
0.8 1.1 4.0 6.0 0.0
0.3 2.0 4.0 0.0 6.0
0.8 2.0 4.0 6.0 6.0
0.8 1.1 4.0 6.0 0.0
0.3 0.5 4.0 0.0 6.0
0.3 0.0 4.0 0.0 0.0
0.8 0.0 4.0 6.0 0.0
0.3 0.5 4.0 0.0 6.0
0.8 0.5 4.0 6.0 6.0
0.8 0.0 4.0 6.0 0.0
0.8 2.0 4.0 0.0 6.0
0.8 0.0 4.0 0.0 0.0
3.0 0.0 4.0 6.0 0.0
0.8 2.0 4.0 0.0 6.0
3.0 2.0 4.0 6.0 6.0
3.0 0.0 4.0 6.0 0.0
0.0 2.0 4.0 0.0 6.0
0.0 0.0 4.0 0.0 0.0
0.0 0.0 8.0 6.0 0.0
0.0 2.0 4.0 0.0 6.0
0.0 2.0 8.0 6.0 6.0
0.0 0.0 8.0 6.0 0.0
3.0 2.0 4.0 0.0 6.0
3.0 0.0 4.0 0.0 0.0
3.0 0.0 8.0 6.0 0.0
3.0 2.0 4.0 0.0 6.0
3.0 2.0 8.0 6.0 6.0
3.0 0.0 8.0 6.0 0.0
0.0 2.0 8.0 0.0 6.0
0.0 0.0 8.0 0.0 0.0
3.0 0.0 8.0 6.0 0.0
0.0 2.0 8.0 0.0 6.0
3.0 2.0 8.0 6.0 6.0
3.0 0.0 8.0 6.0 0.0
0.0 2.0 8.0 0.0 6.0
0.0 0.0 8.0 0.0 0.0
0.3 0.0 8.0 6.0 0.0
0.0 2.0 8.0 0.0 6.0
0.3 2.0 8.0 6.0 6.0
0.3 0.0 8.0 6.0 0.0
0.3 2.0 8.0 0.0 6.0
0.3 1.1 8.0 0.0 0.0
0.8 1.1 8.0 6.0 0.0
0.3 2.0 8.0 0.0 6.0
0.8 2.0 8.0 6.0 6.0
0.8 1.1 8.0 6.0 0.0
0.3 0.5 8.0 0.0 6.0
0.3 0.0 8.0 0.0 0.0
0.8 0.0 8.0 6.0 0.0
0.3 0.5 8.0 0.0 6.0
0.8 0.5 8.0 6.0 6.0
0.8 0.0 8.0 6.0 0.0
0.8 2.0 8.0 0.0 6.0
0.8 0.0 8.0 0.0 0.0
3.0 0.0 8.0 6.0 0.0
0.8 2.0 8.0 0.0 6.0
3.0 2.0 8.0 6.0 6.0
3.0 0.0 8.0 6.0 0.0
0.0 2.0 8.0 0.0 6.0
0.0 0.0 8.0 0.0 0.0
0.0 0.0 12.0 6.0 0.0
0.0 2.0 8.0 0.0 6.0
0.0 2.0 12.0 6.0 6.0
0.0 0.0 12.0 6.0 0.0
3.0 2.0 8.0 0.0 6.0
3.0 0.0 8.0 0.0 0.0
3.0 0.0 12.0 6.0 0.0
3.0 2.0 8.0 0.0 6.0
3.0 2.0 12.0 6.0 6.0
3.0 0.0 12.0 6.0 0.0
0.0 2.0 12.0 0.0 6.0
0.0 0.0 12.0 0.0 0.0
3.0 0.0 12.0 6.0 0.0
0.0 2.0 12.0 0.0 6.0
3.0 2.0 12.0 6.0 6.0
3.0 0.0 12.0 6.0 0.0
0.0 2.0 12.0 0.0 6.0
0.0 0.0 12.0 0.0 0.0
0.3 0.0 12.0 6.0 0.0
0.0 2.0 12.0 0.0 6.0
0.3 2.0 12.0 6.0 6.0
0.3 0.0 12.0 6.0 0.0
0.3 2.0 12.0 0.0 6.0
0.3 1.1 12.0 0.0 0.0
0.8 1.1 12.0 6.0 0.0
0.3 2.0 12.0 0.0 6.0
0.8 2.0 12.0 6.0 6.0
0.8 1.1 12.0 6.0 0.0
0.3 0.5 12.0 0.0 6.0
0.3 0.0 12.0 0.0 0.0
0.8 0.0 12.0 6.0 0.0
0.3 0.5 12.0 0.0 6.0
0.8 0.5 12.0 6.0 6.0
0.8 0.0 12.0 6.0 0.0
0.8 2.0 12.0 0.0 6.0
0.8 0.0 12.0 0.0 0.0
3.0 0.0 12.0 6.0 0.0
0.8 2.0 12.0 0.0 6.0
3.0 2.0 12.0 6.0 6.0
3.0 0.0 12.0 6.0 0.0
0.0 2.0 12.0 0.0 6.0
0.0 0.0 12.0 0.0 0.0
0.0 0.0 16.0 6.0 0.0
0.0 2.0 12.0 0.0 6.0
0.0 2.0 16.0 6.0 6.0
0.0 0.0 16.0 6.0 0.0
3.0 2.0 12.0 0.0 6.0
3.0 0.0 12.0 0.0 0.0
3.0 0.0 16.0 6.0 0.0
3.0 2.0 12.0 0.0 6.0
3.0 2.0 16.0 6.0 6.0
3.0 0.0 16.0 6.0 0.0
0.0 2.0 16.0 0.0 6.0
0.0 0.0 16.0 0.0 0.0
3.0 0.0 16.0 6.0 0.0
0.0 2.0 16.0 0.0 6.0
3.0 2.0 16.0 6.0 6.0
3.0 0.0 16.0 6.0 0.0
0.0 2.0 16.0 0.0 6.0
0.0 0.0 16.0 0.0 0.0
0.3 0.0 16.0 6.0 0.0
0.0 2.0 16.0 0.0 6.0
0.3 2.0 16.0 6.0 6.0
0.3 0.0 16.0 6.0 0.0
0.3 2.0 16.0 0.0 6.0
0.3 1.1 16.0 0.0 0.0
0.8 1.1 16.0 6.0 0.0
0.3 2.0 16.0 0.0 6.0
0.8 2.0 16.0 6.0 6.0
0.8 1.1 16.0 6.0 0.0
0.3 0.5 16.0 0.0 6.0
0.3 0.0 16.0 0.0 0.0
0.8 0.0 16.0 6.0 0.0
0.3 0.5 16.0 0.0 6.0
0.8 0.5 16.0 6.0 6.0
0.8 0.0 16.0 6.0 0.0
0.8 2.0 16.0 0.0 6.0
0.8 0.0 16.0 0.0 0.0
3.0 0.0 16.0 6.0 0.0
0.8 2.0 16.0 0.0 6.0
3.0 2.0 16.0 6.0 6.0
3.0 0.0 16.0 6.0 0.0
0.0 2.0 16.0 0.0 6.0
0.0 0.0 16.0 0.0 0.0
0.0 0.0 20.0 6.0 0.0
0.0 2.0 16.0 0.0 6.0
0.0 2.0 20.0 6.0 6.0
0.0 0.0 20.0 6.0 0.0
3.0 2.0 16.0 0.0 6.0
3.0 0.0 16.0 0.0 0.0
3.0 0.0 20.0 6.0 0.0
3.0 2.0 16.0 0.0 6.0
3.0 2.0 20.0 6.0 6.0
3.0 0.0 20.0 6.0 0.0
0.0 2.0 20.0 0.0 6.0
0.0 0.0 20.0 0.0 0.0
3.0 0.0 20.0 6.0 0.0
0.0 2.0 20.0 0.0 6.0
3.0 2.0 20.0 6.0 6.0
3.0 0.0 20.0 6.0 0.0
0.0 2.0 20.0 0.0 6.0
0.0 0.0 20.0 0.0 0.0
0.3 0.0 20.0 6.0 0.0
0.0 2.0 20.0 0.0 6.0
0.3 2.0 20.0 6.0 6.0
0.3 0.0 20.0 6.0 0.0
0.3 2.0 20.0 0.0 6.0
0.3 1.1 20.0 0.0 0.0
0.8 1.1 20.0 6.0 0.0
0.3 2.0 20.0 0.0 6.0
0.8 2.0 20.0 6.0 6.0
0.8 1.1 20.0 6.0 0.0
0.3 0.5 20.0 0.0 6.0
0.3 0.0 20.0 0.0 0.0
0.8 0.0 20.0 6.0 0.0
0.3 0.5 20.0 0.0 6.0
0.8 0.5 20.0 6.0 6.0
0.8 0.0 20.0 6.0 0.0
0.8 2.0 20.0 0.0 6.0
0.8 0.0 20.0 0.0 0.0
3.0 0.0 20.0 6.0 0.0
0.8 2.0 20.0 0.0 6.0
3.0 2.0 20.0 6.0 6.0
3.0 0.0 20.0 6.0 0.0
0.0 2.0 20.0 0.0 6.0
0.0 0.0 20.0 0.0 0.0
0.0 0.0 24.0 6.0 0.0
0.0 2.0 20.0 0.0 6.0
0.0 2.0 24.0 6.0 6.0
0.0 0.0 24.0 6.0 0.0
3.0 2.0 20.0 0.0 6.0
3.0 0.0 20.0 0.0 0.0
3.0 0.0 24.0 6.0 0.0
3.0 2.0 20.0 0.0 6.0
3.0 2.0 24.0 6.0 6.0
3.0 0.0 24.0 6.0 0.0
0.0 2.0 24.0 0.0 6.0
0.0 0.0 24.0 0.0 0.0
3.0 0.0 24.0 6.0 0.0
0.0 2.0 24.0 0.0 6.0
3.0 2.0 24.0 6.0 6.0
3.0 0.0 24.0 6.0 0.0
0.0 2.0 24.0 0.0 6.0
0.0 0.0 24.0 0.0 0.0
0.3 0.0 24.0 6.0 0.0
0.0 2.0 24.0 0.0 6.0
0.3 2.0 24.0 6.0 6.0
0.3 0.0 24.0 6.0 0.0
0.3 2.0 24.0 0.0 6.0
0.3 1.1 24.0 0.0 0.0
0.8 1.1 24.0 6.0 0.0
0.3 2.0 24.0 0.0 6.0
0.8 2.0 24.0 6.0 6.0
0.8 1.1 24.0 6.0 0.0
0.3 0.5 24.0 0.0 6.0
0.3 0.0 24.0 0.0 0.0
0.8 0.0 24.0 6.0 0.0
0.3 0.5 24.0 0.0 6.0
0.8 0.5 24.0 6.0 6.0
0.8 0.0 24.0 6.0 0.0
0.8 2.0 24.0 0.0 6.0
0.8 0.0 24.0 0.0 0.0
6.0 0.0 24.0 6.0 0.0
0.8 2.0 24.0 0.0 6.0
6.0 2.0 24.0 6.0 6.0
6.0 0.0 24.0 6.0 0.0
0.0 2.0 24.0 0.0 6.0
0.0 0.0 24.0 0.0 0.0
0.0 0.0 28.0 6.0 0.0
0.0 2.0 24.0 0.0 6.0
0.0 2.0 28.0 6.0 6.0
0.0 0.0 28.0 6.0 0.0
6.0 2.0 24.0 0.0 6.0
6.0 0.0 24.0 0.0 0.0
6.0 0.0 28.0 6.0 0.0
6.0 2.0 24.0 0.0 6.0
6.0 2.0 28.0 6.0 6.0
6.0 0.0 28.0 6.0 0.0
0.0 2.0 28.0 0.0 6.0
0.0 0.0 28.0 0.0 0.0
6.0 0.0 28.0 6.0 0.0
0.0 2.0 28.0 0.0 6.0
6.0 2.0 28.0 6.0 6.0
6.0 0.0 28.0 6.0 0.0
6.0 2.0 0.0 0.0 6.0
6.0 0.0 0.0 0.0 0.0
6.3 0.0 0.0 6.0 0.0
6.0 2.0 0.0 0.0 6.0
6.3 2.0 0.0 6.0 6.0
6.3 0.0 0.0 6.0 0.0
6.3 2.0 0.0 0.0 6.0
6.3 1.1 0.0 0.0 0.0
6.8 1.1 0.0 6.0 0.0
6.3 2.0 0.0 0.0 6.0
6.8 2.0 0.0 6.0 6.0
6.8 1.1 0.0 6.0 0.0
6.3 0.5 0.0 0.0 6.0
6.3 0.0 0.0 0.0 0.0
6.8 0.0 0.0 6.0 0.0
6.3 0.5 0.0 0.0 6.0
6.8 0.5 0.0 6.0 6.0
6.8 0.0 0.0 6.0 0.0
6.8 2.0 0.0 0.0 6.0
6.8 0.0 0.0 0.0 0.0
9.0 0.0 0.0 6.0 0.0
6.8 2.0 0.0 0.0 6.0
9.0 2.0 0.0 6.0 6.0
9.0 0.0 0.0 6.0 0.0
6.0 2.0 0.0 0.0 6.0
6.0 0.0 0.0 0.0 0.0
6.0 0.0 4.0 6.0 0.0
6.0 2.0 0.0 0.0 6.0
6.0 2.0 4.0 6.0 6.0
6.0 0.0 4.0 6.0 0.0
9.0 2.0 0.0 0.0 6.0
9.0 0.0 0.0 0.0 0.0
9.0 0.0 4.0 6.0 0.0
9.0 2.0 0.0 0.0 6.0
9.0 2.0 4.0 6.0 6.0
9.0 0.0 4.0 6.0 0.0
6.0 2.0 4.0 0.0 6.0
6.0 0.0 4.0 0.0 0.0
9.0 0.0 4.0 6.0 0.0
6.0 2.0 4.0 0.0 6.0
9.0 2.0 4.0 6.0 6.0
9.0 0.0 4.0 6.0 0.0
6.0 2.0 8.0 0.0 6.0
6.0 0.0 8.0 0.0 0.0
6.3 0.0 8.0 6.0 0.0
6.0 2.0 8.0 0.0 6.0
6.3 2.0 8.0 6.0 6.0
6.3 0.0 8.0 6.0 0.0
6.3 2.0 8.0 0.0 6.0
6.3 1.1 8.0 0.0 0.0
6.8 1.1 8.0 6.0 0.0
6.3 2.0 8.0 0.0 6.0
6.8 2.0 8.0 6.0 6.0
6.8 1.1 8.0 6.0 0.0
6.3 0.5 8.0 0.0 6.0
6.3 0.0 8.0 0.0 0.0
6.8 0.0 8.0 6.0 0.0
6.3 0.5 8.0 0.0 6.0
6.8 0.5 8.0 6.0 6.0
6.8 0.0 8.0 6.0 0.0
6.8 2.0 8.0 0.0 6.0
6.8 0.0 8.0 0.0 0.0
9.0 0.0 8.0 6.0 0.0
6.8 2.0 8.0 0.0 6.0
9.0 2.0 8.0 6.0 6.0
9.0 0.0 8.0 6.0 0.0
6.0 2.0 8.0 0.0 6.0
6.0 0.0 8.0 0.0 0.0
6.0 0.0 12.0 6.0 0.0
6.0 2.0 8.0 0.0 6.0
6.0 2.0 12.0 6.0 6.0
6.0 0.0 12.0 6.0 0.0
9.0 2.0 8.0 0.0 6.0
9.0 0.0 8.0 0.0 0.0
9.0 0.0 12.0 6.0 0.0
9.0 2.0 8.0 0.0 6.0
9.0 2.0 12.0 6.0 6.0
9.0 0.0 12.0 6.0 0.0
6.0 2.0 12.0 0.0 6.0
6.0 0.0 12.0 0.0 0.0
9.0 0.0 12.0 6.0 0.0
6.0 2.0 12.0 0.0 6.0
9.0 2.0 12.0 6.0 6.0
9.0 0.0 12.0 6.0 0.0
6.0 2.0 12.0 0.0 6.0
6.0 0.0 12.0 0.0 0.0
6.3 0.0 12.0 6.0 0.0
6.0 2.0 12.0 0.0 6.0
6.3 2.0 12.0 6.0 6.0
6.3 0.0 12.0 6.0 0.0
6.3 2.0 12.0 0.0 6.0
6.3 1.1 12.0 0.0 0.0
6.8 1.1 12.0 6.0 0.0
6.3 2.0 12.0 0.0 6.0
6.8 2.0 12.0 6.0 6.0
6.8 1.1 12.0 6.0 0.0
6.3 0.5 12.0 0.0 6.0
6.3 0.0 12.0 0.0 0.0
6.8 0.0 12.0 6.0 0.0
6.3 0.5 12.0 0.0 6.0
6.8 0.5 12.0 6.0 6.0
6.8 0.0 12.0 6.0 0.0
6.8 2.0 12.0 0.0 6.0
6.8 0.0 12.0 0.0 0.0
9.0 0.0 12.0 6.0 0.0
6.8 2.0 12.0 0.0 6.0
9.0 2.0 12.0 6.0 6.0
9.0 0.0 12.0 6.0 0.0
6.0 2.0 12.0 0.0 6.0
6.0 0.0 12.0 0.0 0.0
6.0 0.0 16.0 6.0 0.0
6.0 2.0 12.0 0.0 6.0
6.0 2.0 16.0 6.0 6.0
6.0 0.0 16.0 6.0 0.0
9.0 2.0 12.0 0.0 6.0
9.0 0.0 12.0 0.0 0.0
9.0 0.0 16.0 6.0 0.0
9.0 2.0 12.0 0.0 6.0
9.0 2.0 16.0 6.0 6.0
9.0 0.0 16.0 6.0 0.0
6.0 2.0 16.0 0.0 6.0
6.0 0.0 16.0 0.0 0.0
9.0 0.0 16.0 6.0 0.0
6.0 2.0 16.0 0.0 6.0
9.0 2.0 16.0 6.0 6.0
9.0 0.0 16.0 6.0 0.0
6.0 2.0 16.0 0.0 6.0
6.0 0.0 16.0 0.0 0.0
6.3 0.0 16.0 6.0 0.0
6.0 2.0 16.0 0.0 6.0
6.3 2.0 16.0 6.0 6.0
6.3 0.0 16.0 6.0 0.0
6.3 2.0 16.0 0.0 6.0
6.3 1.1 16.0 0.0 0.0
6.8 1.1 16.0 6.0 0.0
6.3 2.0 16.0 0.0 6.0
6.8 2.0 16.0 6.0 6.0
6.8 1.1 16.0 6.0 0.0
6.3 0.5 16.0 0.0 6.0
6.3 0.0 16.0 0.0 0.0
6.8 0.0 16.0 6.0 0.0
6.3 0.5 16.0 0.0 6.0
6.8 0.5 16.0 6.0 6.0
6.8 0.0 16.0 6.0 0.0
6.8 2.0 16.0 0.0 6.0
6.8 0.0 16.0 0.0 0.0
9.0 0.0 16.0 6.0 0.0
6.8 2.0 16.0 0.0 6.0
9.0 2.0 16.0 6.0 6.0
9.0 0.0 16.0 6.0 0.0
6.0 2.0 16.0 0.0 6.0
6.0 0.0 16.0 0.0 0.0
6.0 0.0 20.0 6.0 0.0
6.0 2.0 16.0 0.0 6.0
6.0 2.0 20.0 6.0 6.0
6.0 0.0 20.0 6.0 0.0
9.0 2.0 16.0 0.0 6.0
9.0 0.0 16.0 0.0 0.0
9.0 0.0 20.0 6.0 0.0
9.0 2.0 16.0 0.0 6.0
9.0 2.0 20.0 6.0 6.0
9.0 0.0 20.0 6.0 0.0
6.0 2.0 20.0 0.0 6.0
6.0 0.0 20.0 0.0 0.0
9.0 0.0 20.0 6.0 0.0
6.0 2.0 20.0 0.0 6.0
9.0 2.0 20.0 6.0 6.0
9.0 0.0 20.0 6.0 0.0
6.0 2.0 24.0 0.0 6.0
6.0 0.0 24.0 0.0 0.0
6.3 0.0 24.0 6.0 0.0
6.0 2.0 24.0 0.0 6.0
6.3 2.0 24.0 6.0 6.0
6.3 0.0 24.0 6.0 0.0
6.3 2.0 24.0 0.0 6.0
6.3 1.1 24.0 0.0 0.0
6.8 1.1 24.0 6.0 0.0
6.3 2.0 24.0 0.0 6.0
6.8 2.0 24.0 6.0 6.0
6.8 1.1 24.0 6.0 0.0
6.3 0.5 24.0 0.0 6.0
6.3 0.0 24.0 0.0 0.0
6.8 0.0 24.0 6.0 0.0
6.3 0.5 24.0 0.0 6.0
6.8 0.5 24.0 6.0 6.0
6.8 0.0 24.0 6.0 0.0
6.8 2.0 24.0 0.0 6.0
6.8 0.0 24.0 0.0 0.0
9.0 0.0 24.0 6.0 0.0
6.8 2.0 24.0 0.0 6.0
9.0 2.0 24.0 6.0 6.0
9.0 0.0 24.0 6.0 0.0
6.0 2.0 24.0 0.0 6.0
6.0 0.0 24.0 0.0 0.0
6.0 0.0 28.0 6.0 0.0
6.0 2.0 24.0 0.0 6.0
6.0 2.0 28.0 6.0 6.0
6.0 0.0 28.0 6.0 0.0
9.0 2.0 24.0 0.0 6.0
9.0 0.0 24.0 0.0 0.0
9.0 0.0 28.0 6.0 0.0
9.0 2.0 24.0 0.0 6.0
9.0 2.0 28.0 6.0 6.0
9.0 0.0 28.0 6.0 0.0
6.0 2.0 28.0 0.0 6.0
6.0 0.0 28.0 0.0 0.0
9.0 0.0 28.0 6.0 0.0
6.0 2.0 28.0 0.0 6.0
9.0 2.0 28.0 6.0 6.0
9.0 0.0 28.0 6.0 0.0
9.0 2.0 0.0 0.0 6.0
9.0 0.0 0.0 0.0 0.0
9.3 0.0 0.0 6.0 0.0
9.0 2.0 0.0 0.0 6.0
9.3 2.0 0.0 6.0 6.0
9.3 0.0 0.0 6.0 0.0
9.3 2.0 0.0 0.0 6.0
9.3 1.1 0.0 0.0 0.0
9.8 1.1 0.0 6.0 0.0
9.3 2.0 0.0 0.0 6.0
9.8 2.0 0.0 6.0 6.0
9.8 1.1 0.0 6.0 0.0
9.3 0.5 0.0 0.0 6.0
9.3 0.0 0.0 0.0 0.0
9.8 0.0 0.0 6.0 0.0
9.3 0.5 0.0 0.0 6.0
9.8 0.5 0.0 6.0 6.0
9.8 0.0 0.0 6.0 0.0
9.8 2.0 0.0 0.0 6.0
9.8 0.0 0.0 0.0 0.0
12.0 0.0 0.0 6.0 0.0
9.8 2.0 0.0 0.0 6.0
12.0 2.0 0.0 6.0 6.0
12.0 0.0 0.0 6.0 0.0
9.0 2.0 0.0 0.0 6.0
9.0 0.0 0.0 0.0 0.0
9.0 0.0 4.0 6.0 0.0
9.0 2.0 0.0 0.0 6.0
9.0 2.0 4.0 6.0 6.0
9.0 0.0 4.0 6.0 0.0
12.0 2.0 0.0 0.0 6.0
12.0 0.0 0.0 0.0 0.0
12.0 0.0 4.0 6.0 0.0
12.0 2.0 0.0 0.0 6.0
12.0 2.0 4.0 6.0 6.0
12.0 0.0 4.0 6.0 0.0
9.0 2.0 4.0 0.0 6.0
9.0 0.0 4.0 0.0 0.0
12.0 0.0 4.0 6.0 0.0
9.0 2.0 4.0 0.0 6.0
12.0 2.0 4.0 6.0 6.0
12.0 0.0 4.0 6.0 0.0
9.0 2.0 24.0 0.0 6.0
9.0 0.0 24.0 0.0 0.0
9.3 0.0 24.0 6.0 0.0
9.0 2.0 24.0 0.0 6.0
9.3 2.0 24.0 6.0 6.0
9.3 0.0 24.0 6.0 0.0
9.3 2.0 24.0 0.0 6.0
9.3 1.1 24.0 0.0 0.0
9.8 1.1 24.0 6.0 0.0
9.3 2.0 24.0 0.0 6.0
9.8 2.0 24.0 6.0 6.0
9.8 1.1 24.0 6.0 0.0
9.3 0.5 24.0 0.0 6.0
9.3 0.0 24.0 0.0 0.0
9.8 0.0 24.0 6.0 0.0
9.3 0.5 24.0 0.0 6.0
9.8 0.5 24.0 6.0 6.0
9.8 0.0 24.0 6.0 0.0
9.8 2.0 24.0 0.0 6.0
9.8 0.0 24.0 0.0 0.0
12.0 0.0 24.0 6.0 0.0
9.8 2.0 24.0 0.0 6.0
12.0 2.0 24.0 6.0 6.0
12.0 0.0 24.0 6.0 0.0
9.0 2.0 24.0 0.0 6.0
9.0 0.0 24.0 0.0 0.0
9.0 0.0 28.0 6.0 0.0
9.0 2.0 24.0 0.0 6.0
9.0 2.0 28.0 6.0 6.0
9.0 0.0 28.0 6.0 0.0
12.0 2.0 24.0 0.0 6.0
12.0 0.0 24.0 0.0 0.0
12.0 0.0 28.0 6.0 0.0
12.0 2.0 24.0 0.0 6.0
12.0 2.0 28.0 6.0 6.0
12.0 0.0 28.0 6.0 0.0
9.0 2.0 28.0 0.0 6.0
9.0 0.0 28.0 0.0 0.0
12.0 0.0 28.0 6.0 0.0
9.0 2.0 28.0 0.0 6.0
12.0 2.0 28.0 6.0 6.0
12.0 0.0 28.0 6.0 0.0
12.0 2.0 0.0 0.0 6.0
12.0 0.0 0.0 0.0 0.0
12.3 0.0 0.0 6.0 0.0
12.0 2.0 0.0 0.0 6.0
12.3 2.0 0.0 6.0 6.0
12.3 0.0 0.0 6.0 0.0
12.3 2.0 0.0 0.0 6.0
12.3 1.1 0.0 0.0 0.0
12.8 1.1 0.0 6.0 0.0
12.3 2.0 0.0 0.0 6.0
12.8 2.0 0.0 6.0 6.0
12.8 1.1 0.0 6.0 0.0
12.3 0.5 0.0 0.0 6.0
12.3 0.0 0.0 0.0 0.0
12.8 0.0 0.0 6.0 0.0
12.3 0.5 0.0 0.0 6.0
12.8 0.5 0.0 6.0 6.0
12.8 0.0 0.0 6.0 0.0
12.8 2.0 0.0 0.0 6.0
12.8 0.0 0.0 0.0 0.0
15.0 0.0 0.0 6.0 0.0
12.8 2.0 0.0 0.0 6.0
15.0 2.0 0.0 6.0 6.0
15.0 0.0 0.0 6.0 0.0
12.0 2.0 0.0 0.0 6.0
12.0 0.0 0.0 0.0 0.0
12.0 0.0 4.0 6.0 0.0
12.0 2.0 0.0 0.0 6.0
12.0 2.0 4.0 6.0 6.0
12.0 0.0 4.0 6.0 0.0
15.0 2.0 0.0 0.0 6.0
15.0 0.0 0.0 0.0 0.0
15.0 0.0 4.0 6.0 0.0
15.0 2.0 0.0 0.0 6.0
15.0 2.0 4.0 6.0 6.0
15.0 0.0 4.0 6.0 0.0
12.0 2.0 4.0 0.0 6.0
12.0 0.0 4.0 0.0 0.0
15.0 0.0 4.0 6.0 0.0
12.0 2.0 4.0 0.0 6.0
15.0 2.0 4.0 6.0 6.0
15.0 0.0 4.0 6.0 0.0
12.0 2.0 8.0 0.0 6.0
12.0 0.0 8.0 0.0 0.0
12.3 0.0 8.0 6.0 0.0
12.0 2.0 8.0 0.0 6.0
12.3 2.0 8.0 6.0 6.0
12.3 0.0 8.0 6.0 0.0
12.3 2.0 8.0 0.0 6.0
12.3 1.1 8.0 0.0 0.0
12.8 1.1 8.0 6.0 0.0
12.3 2.0 8.0 0.0 6.0
12.8 2.0 8.0 6.0 6.0
12.8 1.1 8.0 6.0 0.0
12.3 0.5 8.0 0.0 6.0
12.3 0.0 8.0 0.0 0.0
12.8 0.0 8.0 6.0 0.0
12.3 0.5 8.0 0.0 6.0
12.8 0.5 8.0 6.0 6.0
12.8 0.0 8.0 6.0 0.0
12.8 2.0 8.0 0.0 6.0
12.8 0.0 8.0 0.0 0.0
15.0 0.0 8.0 6.0 0.0
12.8 2.0 8.0 0.0 6.0
15.0 2.0 8.0 6.0 6.0
15.0 0.0 8.0 6.0 0.0
12.0 2.0 8.0 0.0 6.0
12.0 0.0 8.0 0.0 0.0
12.0 0.0 12.0 6.0 0.0
12.0 2.0 8.0 0.0 6.0
12.0 2.0 12.0 6.0 6.0
12.0 0.0 12.0 6.0 0.0
15.0 2.0 8.0 0.0 6.0
15.0 0.0 8.0 0.0 0.0
15.0 0.0 12.0 6.0 0.0
15.0 2.0 8.0 0.0 6.0
15.0 2.0 12.0 6.0 6.0
15.0 0.0 12.0 6.0 0.0
12.0 2.0 12.0 0.0 6.0
12.0 0.0 12.0 0.0 0.0
15.0 0.0 12.0 6.0 0.0
12.0 2.0 12.0 0.0 6.0
15.0 2.0 12.0 6.0 6.0
15.0 0.0 12.0 6.0 0.0
12.0 2.0 12.0 0.0 6.0
12.0 0.0 12.0 0.0 0.0
12.3 0.0 12.0 6.0 0.0
12.0 2.0 12.0 0.0 6.0
12.3 2.0 12.0 6.0 6.0
12.3 0.0 12.0 6.0 0.0
12.3 2.0 12.0 0.0 6.0
12.3 1.1 12.0 0.0 0.0
12.8 1.1 12.0 6.0 0.0
12.3 2.0 12.0 0.0 6.0
12.8 2.0 12.0 6.0 6.0
12.8 1.1 12.0 6.0 0.0
12.3 0.5 12.0 0.0 6.0
12.3 0.0 12.0 0.0 0.0
12.8 0.0 12.0 6.0 0.0
12.3 0.5 12.0 0.0 6.0
12.8 0.5 12.0 6.0 6.0
12.8 0.0 12.0 6.0 0.0
12.8 2.0 12.0 0.0 6.0
12.8 0.0 12.0 0.0 0.0
15.0 0.0 12.0 6.0 0.0
12.8 2.0 12.0 0.0 6.0
15.0 2.0 12.0 6.0 6.0
15.0 0.0 12.0 6.0 0.0
12.0 2.0 12.0 0.0 6.0
12.0 0.0 12.0 0.0 0.0
12.0 0.0 16.0 6.0 0.0
12.0 2.0 12.0 0.0 6.0
12.0 2.0 16.0 6.0 6.0
12.0 0.0 16.0 6.0 0.0
15.0 2.0 12.0 0.0 6.0
15.0 0.0 12.0 0.0 0.0
15.0 0.0 16.0 6.0 0.0
15.0 2.0 12.0 0.0 6.0
15.0 2.0 16.0 6.0 6.0
15.0 0.0 16.0 6.0 0.0
12.0 2.0 16.0 0.0 6.0
12.0 0.0 16.0 0.0 0.0
15.0 0.0 16.0 6.0 0.0
12.0 2.0 16.0 0.0 6.0
15.0 2.0 16.0 6.0 6.0
15.0 0.0 16.0 6.0 0.0
12.0 2.0 16.0 0.0 6.0
12.0 0.0 16.0 0.0 0.0
12.3 0.0 16.0 6.0 0.0
12.0 2.0 16.0 0.0 6.0
12.3 2.0 16.0 6.0 6.0
12.3 0.0 16.0 6.0 0.0
12.3 2.0 16.0 0.0 6.0
12.3 1.1 16.0 0.0 0.0
12.8 1.1 16.0 6.0 0.0
12.3 2.0 16.0 0.0 6.0
12.8 2.0 16.0 6.0 6.0
12.8 1.1 16.0 6.0 0.0
12.3 0.5 16.0 0.0 6.0
12.3 0.0 16.0 0.0 0.0
12.8 0.0 16.0 6.0 0.0
12.3 0.5 16.0 0.0 6.0
12.8 0.5 16.0 6.0 6.0
12.8 0.0 16.0 6.0 0.0
12.8 2.0 16.0 0.0 6.0
12.8 0.0 16.0 0.0 0.0
15.0 0.0 16.0 6.0 0.0
12.8 2.0 16.0 0.0 6.0
15.0 2.0 16.0 6.0 6.0
15.0 0.0 16.0 6.0 0.0
12.0 2.0 16.0 0.0 6.0
12.0 0.0 16.0 0.0 0.0
12.0 0.0 20.0 6.0 0.0
12.0 2.0 16.0 0.0 6.0
12.0 2.0 20.0 6.0 6.0
12.0 0.0 20.0 6.0 0.0
15.0 2.0 16.0 0.0 6.0
15.0 0.0 16.0 0.0 0.0
15.0 0.0 20.0 6.0 0.0
15.0 2.0 16.0 0.0 6.0
15.0 2.0 20.0 6.0 6.0
15.0 0.0 20.0 6.0 0.0
12.0 2.0 20.0 0.0 6.0
12.0 0.0 20.0 0.0 0.0
15.0 0.0 20.0 6.0 0.0
12.0 2.0 20.0 0.0 6.0
15.0 2.0 20.0 6.0 6.0
15.0 0.0 20.0 6.0 0.0
12.0 2.0 24.0 0.0 6.0
12.0 0.0 24.0 0.0 0.0
12.3 0.0 24.0 6.0 0.0
12.0 2.0 24.0 0.0 6.0
12.3 2.0 24.0 6.0 6.0
12.3 0.0 24.0 6.0 0.0
12.3 2.0 24.0 0.0 6.0
12.3 1.1 24.0 0.0 0.0
12.8 1.1 24.0 6.0 0.0
12.3 2.0 24.0 0.0 6.0
12.8 2.0 24.0 6.0 6.0
12.8 1.1 24.0 6.0 0.0
12.3 0.5 24.0 0.0 6.0
12.3 0.0 24.0 0.0 0.0
12.8 0.0 24.0 6.0 0.0
12.3 0.5 24.0 0.0 6.0
12.8 0.5 24.0 6.0 6.0
12.8 0.0 24.0 6.0 0.0
12.8 2.0 24.0 0.0 6.0
12.8 0.0 24.0 0.0 0.0
15.0 0.0 24.0 6.0 0.0
12.8 2.0 24.0 0.0 6.0
15.0 2.0 24.0 6.0 6.0
15.0 0.0 24.0 6.0 0.0
12.0 2.0 24.0 0.0 6.0
12.0 0.0 24.0 0.0 0.0
12.0 0.0 28.0 6.0 0.0
12.0 2.0 24.0 0.0 6.0
12.0 2.0 28.0 6.0 6.0
12.0 0.0 28.0 6.0 0.0
15.0 2.0 24.0 0.0 6.0
15.0 0.0 24.0 0.0 0.0
15.0 0.0 28.0 6.0 0.0
15.0 2.0 24.0 0.0 6.0
15.0 2.0 28.0 6.0 6.0
15.0 0.0 28.0 6.0 0.0
12.0 2.0 28.0 0.0 6.0
12.0 0.0 28.0 0.0 0.0
15.0 0.0 28.0 6.0 0.0
12.0 2.0 28.0 0.0 6.0
15.0 2.0 28.0 6.0 6.0
15.0 0.0 28.0 6.0 0.0
15.0 2.0 0.0 0.0 6.0
15.0 0.0 0.0 0.0 0.0
15.3 0.0 0.0 6.0 0.0
15.0 2.0 0.0 0.0 6.0
15.3 2.0 0.0 6.0 6.0
15.3 0.0 0.0 6.0 0.0
15.3 2.0 0.0 0.0 6.0
15.3 1.1 0.0 0.0 0.0
15.8 1.1 0.0 6.0 0.0
15.3 2.0 0.0 0.0 6.0
15.8 2.0 0.0 6.0 6.0
15.8 1.1 0.0 6.0 0.0
15.3 0.5 0.0 0.0 6.0
15.3 0.0 0.0 0.0 0.0
15.8 0.0 0.0 6.0 0.0
15.3 0.5 0.0 0.0 6.0
15.8 0.5 0.0 6.0 6.0
15.8 0.0 0.0 6.0 0.0
15.8 2.0 0.0 0.0 6.0
15.8 0.0 0.0 0.0 0.0
21.0 0.0 0.0 6.0 0.0
15.8 2.0 0.0 0.0 6.0
21.0 2.0 0.0 6.0 6.0
21.0 0.0 0.0 6.0 0.0
15.0 2.0 0.0 0.0 6.0
15.0 0.0 0.0 0.0 0.0
15.0 0.0 4.0 6.0 0.0
15.0 2.0 0.0 0.0 6.0
15.0 2.0 4.0 6.0 6.0
15.0 0.0 4.0 6.0 0.0
21.0 2.0 0.0 0.0 6.0
21.0 0.0 0.0 0.0 0.0
21.0 0.0 4.0 6.0 0.0
21.0 2.0 0.0 0.0 6.0
21.0 2.0 4.0 6.0 6.0
21.0 0.0 4.0 6.0 0.0
15.0 2.0 4.0 0.0 6.0
15.0 0.0 4.0 0.0 0.0
21.0 0.0 4.0 6.0 0.0
15.0 2.0 4.0 0.0 6.0
21.0 2.0 4.0 6.0 6.0
21.0 0.0 4.0 6.0 0.0
15.0 2.0 24.0 0.0 6.0
15.0 0.0 24.0 0.0 0.0
15.3 0.0 24.0 6.0 0.0
15.0 2.0 24.0 0.0 6.0
15.3 2.0 24.0 6.0 6.0
15.3 0.0 24.0 6.0 0.0
15.3 2.0 24.0 0.0 6.0
15.3 1.1 24.0 0.0 0.0
15.8 1.1 24.0 6.0 0.0
15.3 2.0 24.0 0.0 6.0
15.8 2.0 24.0 6.0 6.0
15.8 1.1 24.0 6.0 0.0
15.3 0.5 24.0 0.0 6.0
15.3 0.0 24.0 0.0 0.0
15.8 0.0 24.0 6.0 0.0
15.3 0.5 24.0 0.0 6.0
15.8 0.5 24.0 6.0 6.0
15.8 0.0 24.0 6.0 0.0
15.8 2.0 24.0 0.0 6.0
15.8 0.0 24.0 0.0 0.0
21.0 0.0 24.0 6.0 0.0
15.8 2.0 24.0 0.0 6.0
21.0 2.0 24.0 6.0 6.0
21.0 0.0 24.0 6.0 0.0
15.0 2.0 24.0 0.0 6.0
15.0 0.0 24.0 0.0 0.0
15.0 0.0 28.0 6.0 0.0
15.0 2.0 24.0 0.0 6.0
15.0 2.0 28.0 6.0 6.0
15.0 0.0 28.0 6.0 0.0
21.0 2.0 24.0 0.0 6.0
21.0 0.0 24.0 0.0 0.0
21.0 0.0 28.0 6.0 0.0
21.0 2.0 24.0 0.0 6.0
21.0 2.0 28.0 6.0 6.0
21.0 0.0 28.0 6.0 0.0
15.0 2.0 28.0 0.0 6.0
15.0 0.0 28.0 0.0 0.0
21.0 0.0 28.0 6.0 0.0
15.0 2.0 28.0 0.0 6.0
21.0 2.0 28.0 6.0 6.0
21.0 0.0 28.0 6.0 0.0
18.0 2.0 4.0 0.0 6.0
18.0 0.0 4.0 0.0 0.0
18.3 0.0 4.0 6.0 0.0
18.0 2.0 4.0 0.0 6.0
18.3 2.0 4.0 6.0 6.0
18.3 0.0 4.0 6.0 0.0
18.3 2.0 4.0 0.0 6.0
18.3 1.1 4.0 0.0 0.0
18.8 1.1 4.0 6.0 0.0
18.3 2.0 4.0 0.0 6.0
18.8 2.0 4.0 6.0 6.0
18.8 1.1 4.0 6.0 0.0
18.3 0.5 4.0 0.0 6.0
18.3 0.0 4.0 0.0 0.0
18.8 0.0 4.0 6.0 0.0
18.3 0.5 4.0 0.0 6.0
18.8 0.5 4.0 6.0 6.0
18.8 0.0 4.0 6.0 0.0
18.8 2.0 4.0 0.0 6.0
18.8 0.0 4.0 0.0 0.0
21.0 0.0 4.0 6.0 0.0
18.8 2.0 4.0 0.0 6.0
21.0 2.0 4.0 6.0 6.0
21.0 0.0 4.0 6.0 0.0
18.0 2.0 4.0 0.0 6.0
18.0 0.0 4.0 0.0 0.0
18.0 0.0 8.0 6.0 0.0
18.0 2.0 4.0 0.0 6.0
18.0 2.0 8.0 6.0 6.0
18.0 0.0 8.0 6.0 0.0
21.0 2.0 4.0 0.0 6.0
21.0 0.0 4.0 0.0 0.0
21.0 0.0 8.0 6.0 0.0
21.0 2.0 4.0 0.0 6.0
21.0 2.0 8.0 6.0 6.0
21.0 0.0 8.0 6.0 0.0
18.0 2.0 8.0 0.0 6.0
18.0 0.0 8.0 0.0 0.0
21.0 0.0 8.0 6.0 0.0
18.0 2.0 8.0 0.0 6.0
21.0 2.0 8.0 6.0 6.0
21.0 0.0 8.0 6.0 0.0
18.0 2.0 8.0 0.0 6.0
18.0 0.0 8.0 0.0 0.0
18.3 0.0 8.0 6.0 0.0
18.0 2.0 8.0 0.0 6.0
18.3 2.0 8.0 6.0 6.0
18.3 0.0 8.0 6.0 0.0
18.3 2.0 8.0 0.0 6.0
18.3 1.1 8.0 0.0 0.0
18.8 1.1 8.0 6.0 0.0
18.3 2.0 8.0 0.0 6.0
18.8 2.0 8.0 6.0 6.0
18.8 1.1 8.0 6.0 0.0
18.3 0.5 8.0 0.0 6.0
18.3 0.0 8.0 0.0 0.0
18.8 0.0 8.0 6.0 0.0
18.3 0.5 8.0 0.0 6.0
18.8 0.5 8.0 6.0 6.0
18.8 0.0 8.0 6.0 0.0
18.8 2.0 8.0 0.0 6.0
18.8 0.0 8.0 0.0 0.0
21.0 0.0 8.0 6.0 0.0
18.8 2.0 8.0 0.0 6.0
21.0 2.0 8.0 6.0 6.0
21.0 0.0 8.0 6.0 0.0
18.0 2.0 8.0 0.0 6.0
18.0 0.0 8.0 0.0 0.0
18.0 0.0 12.0 6.0 0.0
18.0 2.0 8.0 0.0 6.0
18.0 2.0 12.0 6.0 6.0
18.0 0.0 12.0 6.0 0.0
21.0 2.0 8.0 0.0 6.0
21.0 0.0 8.0 0.0 0.0
21.0 0.0 12.0 6.0 0.0
21.0 2.0 8.0 0.0 6.0
21.0 2.0 12.0 6.0 6.0
21.0 0.0 12.0 6.0 0.0
18.0 2.0 12.0 0.0 6.0
18.0 0.0 12.0 0.0 0.0
21.0 0.0 12.0 6.0 0.0
18.0 2.0 12.0 0.0 6.0
21.0 2.0 12.0 6.0 6.0
21.0 0.0 12.0 6.0 0.0
18.0 2.0 12.0 0.0 6.0
18.0 0.0 12.0 0.0 0.0
18.3 0.0 12.0 6.0 0.0
18.0 2.0 12.0 0.0 6.0
18.3 2.0 12.0 6.0 6.0
18.3 0.0 12.0 6.0 0.0
18.3 2.0 12.0 0.0 6.0
18.3 1.1 12.0 0.0 0.0
18.8 1.1 12.0 6.0 0.0
18.3 2.0 12.0 0.0 6.0
18.8 2.0 12.0 6.0 6.0
18.8 1.1 12.0 6.0 0.0
18.3 0.5 12.0 0.0 6.0
18.3 0.0 12.0 0.0 0.0
18.8 0.0 12.0 6.0 0.0
18.3 0.5 12.0 0.0 6.0
18.8 0.5 12.0 6.0 6.0
18.8 0.0 12.0 6.0 0.0
18.8 2.0 12.0 0.0 6.0
18.8 0.0 12.0 0.0 0.0
21.0 0.0 12.0 6.0 0.0
18.8 2.0 12.0 0.0 6.0
21.0 2.0 12.0 6.0 6.0
21.0 0.0 12.0 6.0 0.0
18.0 2.0 12.0 0.0 6.0
18.0 0.0 12.0 0.0 0.0
18.0 0.0 16.0 6.0 0.0
18.0 2.0 12.0 0.0 6.0
18.0 2.0 16.0 6.0 6.0
18.0 0.0 16.0 6.0 0.0
21.0 2.0 12.0 0.0 6.0
21.0 0.0 12.0 0.0 0.0
21.0 0.0 16.0 6.0 0.0
21.0 2.0 12.0 0.0 6.0
21.0 2.0 16.0 6.0 6.0
21.0 0.0 16.0 6.0 0.0
18.0 2.0 16.0 0.0 6.0
18.0 0.0 16.0 0.0 0.0
21.0 0.0 16.0 6.0 0.0
18.0 2.0 16.0 0.0 6.0
21.0 2.0 16.0 6.0 6.0
21.0 0.0 16.0 6.0 0.0
18.0 2.0 16.0 0.0 6.0
18.0 0.0 16.0 0.0 0.0
18.3 0.0 16.0 6.0 0.0
18.0 2.0 16.0 0.0 6.0
18.3 2.0 16.0 6.0 6.0
18.3 0.0 16.0 6.0 0.0
18.3 2.0 16.0 0.0 6.0
18.3 1.1 16.0 0.0 0.0
18.8 1.1 16.0 6.0 0.0
18.3 2.0 16.0 0.0 6.0
18.8 2.0 16.0 6.0 6.0
18.8 1.1 16.0 6.0 0.0
18.3 0.5 16.0 0.0 6.0
18.3 0.0 16.0 0.0 0.0
18.8 0.0 16.0 6.0 0.0
18.3 0.5 16.0 0.0 6.0
18.8 0.5 16.0 6.0 6.0
18.8 0.0 16.0 6.0 0.0
18.8 2.0 16.0 0.0 6.0
18.8 0.0 16.0 0.0 0.0
21.0 0.0 16.0 6.0 0.0
18.8 2.0 16.0 0.0 6.0
21.0 2.0 16.0 6.0 6.0
21.0 0.0 16.0 6.0 0.0
18.0 2.0 16.0 0.0 6.0
18.0 0.0 16.0 0.0 0.0
18.0 0.0 20.0 6.0 0.0
18.0 2.0 16.0 0.0 6.0
18.0 2.0 20.0 6.0 6.0
18.0 0.0 20.0 6.0 0.0
21.0 2.0 16.0 0.0 6.0
21.0 0.0 16.0 0.0 0.0
21.0 0.0 20.0 6.0 0.0
21.0 2.0 16.0 0.0 6.0
21.0 2.0 20.0 6.0 6.0
21.0 0.0 20.0 6.0 0.0
18.0 2.0 20.0 0.0 6.0
18.0 0.0 20.0 0.0 0.0
21.0 0.0 20.0 6.0 0.0
18.0 2.0 20.0 0.0 6.0
21.0 2.0 20.0 6.0 6.0
21.0 0.0 20.0 6.0 0.0
18.0 2.0 20.0 0.0 6.0
18.0 0.0 20.0 0.0 0.0
18.3 0.0 20.0 6.0 0.0
18.0 2.0 20.0 0.0 6.0
18.3 2.0 20.0 6.0 6.0
18.3 0.0 20.0 6.0 0.0
18.3 2.0 20.0 0.0 6.0
18.3 1.1 20.0 0.0 0.0
18.8 1.1 20.0 6.0 0.0
18.3 2.0 20.0 0.0 6.0
18.8 2.0 20.0 6.0 6.0
18.8 1.1 20.0 6.0 0.0
18.3 0.5 20.0 0.0 6.0
18.3 0.0 20.0 0.0 0.0
18.8 0.0 20.0 6.0 0.0
18.3 0.5 20.0 0.0 6.0
18.8 0.5 20.0 6.0 6.0
18.8 0.0 20.0 6.0 0.0
18.8 2.0 20.0 0.0 6.0
18.8 0.0 20.0 0.0 0.0
21.0 0.0 20.0 6.0 0.0
18.8 2.0 20.0 0.0 6.0
21.0 2.0 20.0 6.0 6.0
21.0 0.0 20.0 6.0 0.0
18.0 2.0 20.0 0.0 6.0
18.0 0.0 20.0 0.0 0.0
18.0 0.0 24.0 6.0 0.0
18.0 2.0 20.0 0.0 6.0
18.0 2.0 24.0 6.0 6.0
18.0 0.0 24.0 6.0 0.0
21.0 2.0 20.0 0.0 6.0
21.0 0.0 20.0 0.0 0.0
21.0 0.0 24.0 6.0 0.0
21.0 2.0 20.0 0.0 6.0
21.0 2.0 24.0 6.0 6.0
21.0 0.0 24.0 6.0 0.0
18.0 2.0 24.0 0.0 6.0
18.0 0.0 24.0 0.0 0.0
21.0 0.0 24.0 6.0 0.0
18.0 2.0 24.0 0.0 6.0
21.0 2.0 24.0 6.0 6.0
21.0 0.0 24.0 6.0 0.00.0 2.0 0.0 0.0 6.0
0.0 0.0 0.0 0.0 0.0
0.3 0.0 0.0 6.0 0.0
0.0 2.0 0.0 0.0 6.0
0.3 2.0 0.0 6.0 6.0
0.3 0.0 0.0 6.0 0.0
0.3 2.0 0.0 0.0 6.0
0.3 1.1 0.0 0.0 0.0
0.8 1.1 0.0 6.0 0.0
0.3 2.0 0.0 0.0 6.0
0.8 2.0 0.0 6.0 6.0
0.8 1.1 0.0 6.0 0.0
0.3 0.5 0.0 0.0 6.0
0.3 0.0 0.0 0.0 0.0
0.8 0.0 0.0 6.0 0.0
0.3 0.5 0.0 0.0 6.0
0.8 0.5 0.0 6.0 6.0
0.8 0.0 0.0 6.0 0.0
0.8 2.0 0.0 0.0 6.0
0.8 0.0 0.0 0.0 0.0
6.0 0.0 0.0 6.0 0.0
0.8 2.0 0.0 0.0 6.0
6.0 2.0 0.0 6.0 6.0
6.0 0.0 0.0 6.0 0.0
0.0 2.0 0.0 0.0 6.0
0.0 0.0 0.0 0.0 0.0
0.0 0.0 4.0 6.0 0.0
0.0 2.0 0.0 0.0 6.0
0.0 2.0 4.0 6.0 6.0
0.0 0.0 4.0 6.0 0.0
6.0 2.0 0.0 0.0 6.0
6.0 0.0 0.0 0.0 0.0
6.0 0.0 4.0 6.0 0.0
6.0 2.0 0.0 0.0 6.0
6.0 2.0 4.0 6.0 6.0
6.0 0.0 4.0 6.0 0.0
0.0 2.0 4.0 0.0 6.0
0.0 0.0 4.0 0.0 0.0
6.0 0.0 4.0 6.0 0.0
0.0 2.0 4.0 0.0 6.0
6.0 2.0 4.0 6.0 6.0
6.0 0.0 4.0 6.0 0.0
0.0 2.0 4.0 0.0 6.0
0.0 0.0 4.0 0.0 0.0
0.3 0.0 4.0 6.0 0.0
0.0 2.0 4.0 0.0 6.0
0.3 2.0 4.0 6.0 6.0
0.3 0.0 4.0 6.0 0.0
0.3 2.0 4.0 0.0 6.0
0.3 1.1 4.0 0.0 0.0
0.8 1.1 4.0 6.0 0.0
0.3 2.0 4.0 0.0 6.0
0.8 2.0 4.0 6.0 6.0
0.8 1.1 4.0 6.0 0.0
0.3 0.5 4.0 0.0 6.0
0.3 0.0 4.0 0.0 0.0
0.8 0.0 4.0 6.0 0.0
0.3 0.5 4.0 0.0 6.0
0.8 0.5 4.0 6.0 6.0
0.8 0.0 4.0 6.0 0.0
0.8 2.0 4.0 0.0 6.0
0.8 0.0 4.0 0.0 0.0
3.0 0.0 4.0 6.0 0.0
0.8 2.0 4.0 0.0 6.0
3.0 2.0 4.0 6.0 6.0
3.0 0.0 4.0 6.0 0.0
0.0 2.0 4.0 0.0 6.0
0.0 0.0 4.0 0.0 0.0
0.0 0.0 8.0 6.0 0.0
0.0 2.0 4.0 0.0 6.0
0.0 2.0 8.0 6.0 6.0
0.0 0.0 8.0 6.0 0.0
3.0 2.0 4.0 0.0 6.0
3.0 0.0 4.0 0.0 0.0
3.0 0.0 8.0 6.0 0.0
3.0 2.0 4.0 0.0 6.0
3.0 2.0 8.0 6.0 6.0
3.0 0.0 8.0 6.0 0.0
0.0 2.0 8.0 0.0 6.0
0.0 0.0 8.0 0.0 0.0
3.0 0.0 8.0 6.0 0.0
0.0 2.0 8.0 0.0 6.0
3.0 2.0 8.0 6.0 6.0
3.0 0.0 8.0 6.0 0.0
0.0 2.0 8.0 0.0 6.0
0.0 0.0 8.0 0.0 0.0
0.3 0.0 8.0 6.0 0.0
0.0 2.0 8.0 0.0 6.0
0.3 2.0 8.0 6.0 6.0
0.3 0.0 8.0 6.0 0.0
0.3 2.0 8.0 0.0 6.0
0.3 1.1 8.0 0.0 0.0
0.8 1.1 8.0 6.0 0.0
0.3 2.0 8.0 0.0 6.0
0.8 2.0 8.0 6.0 6.0
0.8 1.1 8.0 6.0 0.0
0.3 0.5 8.0 0.0 6.0
0.3 0.0 8.0 0.0 0.0
0.8 0.0 8.0 6.0 0.0
0.3 0.5 8.0 0.0 6.0
0.8 0.5 8.0 6.0 6.0
0.8 0.0 8.0 6.0 0.0
0.8 2.0 8.0 0.0 6.0
0.8 0.0 8.0 0.0 0.0
3.0 0.0 8.0 6.0 0.0
0.8 2.0 8.0 0.0 6.0
3.0 2.0 8.0 6.0 6.0
3.0 0.0 8.0 6.0 0.0
0.0 2.0 8.0 0.0 6.0
0.0 0.0 8.0 0.0 0.0
0.0 0.0 12.0 6.0 0.0
0.0 2.0 8.0 0.0 6.0
0.0 2.0 12.0 6.0 6.0
0.0 0.0 12.0 6.0 0.0
3.0 2.0 8.0 0.0 6.0
3.0 0.0 8.0 0.0 0.0
3.0 0.0 12.0 6.0 0.0
3.0 2.0 8.0 0.0 6.0
3.0 2.0 12.0 6.0 6.0
3.0 0.0 12.0 6.0 0.0
0.0 2.0 12.0 0.0 6.0
0.0 0.0 12.0 0.0 0.0
3.0 0.0 12.0 6.0 0.0
0.0 2.0 12.0 0.0 6.0
3.0 2.0 12.0 6.0 6.0
3.0 0.0 12.0 6.0 0.0
0.0 2.0 12.0 0.0 6.0
0.0 0.0 12.0 0.0 0.0
0.3 0.0 12.0 6.0 0.0
0.0 2.0 12.0 0.0 6.0
0.3 2.0 12.0 6.0 6.0
0.3 0.0 12.0 6.0 0.0
0.3 2.0 12.0 0.0 6.0
0.3 1.1 12.0 0.0 0.0
0.8 1.1 12.0 6.0 0.0
0.3 2.0 12.0 0.0 6.0
0.8 2.0 12.0 6.0 6.0
0.8 1.1 12.0 6.0 0.0
0.3 0.5 12.0 0.0 6.0
0.3 0.0 12.0 0.0 0.0
0.8 0.0 12.0 6.0 0.0
0.3 0.5 12.0 0.0 6.0
0.8 0.5 12.0 6.0 6.0
0.8 0.0 12.0 6.0 0.0
0.8 2.0 12.0 0.0 6.0
0.8 0.0 12.0 0.0 0.0
3.0 0.0 12.0 6.0 0.0
0.8 2.0 12.0 0.0 6.0
3.0 2.0 12.0 6.0 6.0
3.0 0.0 12.0 6.0 0.0
0.0 2.0 12.0 0.0 6.0
0.0 0.0 12.0 0.0 0.0
0.0 0.0 16.0 6.0 0.0
0.0 2.0 12.0 0.0 6.0
0.0 2.0 16.0 6.0 6.0
0.0 0.0 16.0 6.0 0.0
3.0 2.0 12.0 0.0 6.0
3.0 0.0 12.0 0.0 0.0
3.0 0.0 16.0 6.0 0.0
3.0 2.0 12.0 0.0 6.0
3.0 2.0 16.0 6.0 6.0
3.0 0.0 16.0 6.0 0.0
0.0 2.0 16.0 0.0 6.0
0.0 0.0 16.0 0.0 0.0
3.0 0.0 16.0 6.0 0.0
0.0 2.0 16.0 0.0 6.0
3.0 2.0 16.0 6.0 6.0
3.0 0.0 16.0 6.0 0.0
0.0 2.0 16.0 0.0 6.0
0.0 0.0 16.0 0.0 0.0
0.3 0.0 16.0 6.0 0.0
0.0 2.0 16.0 0.0 6.0
0.3 2.0 16.0 6.0 6.0
0.3 0.0 16.0 6.0 0.0
0.3 2.0 16.0 0.0 6.0
0.3 1.1 16.0 0.0 0.0
0.8 1.1 16.0 6.0 0.0
0.3 2.0 16.0 0.0 6.0
0.8 2.0 16.0 6.0 6.0
0.8 1.1 16.0 6.0 0.0
0.3 0.5 16.0 0.0 6.0
0.3 0.0 16.0 0.0 0.0
0.8 0.0 16.0 6.0 0.0
0.3 0.5 16.0 0.0 6.0
0.8 0.5 16.0 6.0 6.0
0.8 0.0 16.0 6.0 0.0
0.8 2.0 16.0 0.0 6.0
0.8 0.0 16.0 0.0 0.0
3.0 0.0 16.0 6.0 0.0
0.8 2.0 16.0 0.0 6.0
3.0 2.0 16.0 6.0 6.0
3.0 0.0 16.0 6.0 0.0
0.0 2.0 16.0 0.0 6.0
0.0 0.0 16.0 0.0 0.0
0.0 0.0 20.0 6.0 0.0
0.0 2.0 16.0 0.0 6.0
0.0 2.0 20.0 6.0 6.0
0.0 0.0 20.0 6.0 0.0
3.0 2.0 16.0 0.0 6.0
3.0 0.0 16.0 0.0 0.0
3.0 0.0 20.0 6.0 0.0
3.0 2.0 16.0 0.0 6.0
3.0 2.0 20.0 6.0 6.0
3.0 0.0 20.0 6.0 0.0
0.0 2.0 20.0 0.0 6.0
0.0 0.0 20.0 0.0 0.0
3.0 0.0 20.0 6.0 0.0
0.0 2.0 20.0 0.0 6.0
3.0 2.0 20.0 6.0 6.0
3.0 0.0 20.0 6.0 0.0
0.0 2.0 20.0 0.0 6.0
0.0 0.0 20.0 0.0 0.0
0.3 0.0 20.0 6.0 0.0
0.0 2.0 20.0 0.0 6.0
0.3 2.0 20.0 6.0 6.0
0.3 0.0 20.0 6.0 0.0
0.3 2.0 20.0 0.0 6.0
0.3 1.1 20.0 0.0 0.0
0.8 1.1 20.0 6.0 0.0
0.3 2.0 20.0 0.0 6.0
0.8 2.0 20.0 6.0 6.0
0.8 1.1 20.0 6.0 0.0
0.3 0.5 20.0 0.0 6.0
0.3 0.0 20.0 0.0 0.0
0.8 0.0 20.0 6.0 0.0
0.3 0.5 20.0 0.0 6.0
0.8 0.5 20.0 6.0 6.0
0.8 0.0 20.0 6.0 0.0
0.8 2.0 20.0 0.0 6.0
0.8 0.0 20.0 0.0 0.0
3.0 0.0 20.0 6.0 0.0
0.8 2.0 20.0 0.0 6.0
3.0 2.0 20.0 6.0 6.0
3.0 0.0 20.0 6.0 0.0
0.0 2.0 20.0 0.0 6.0
0.0 0.0 20.0 0.0 0.0
0.0 0.0 24.0 6.0 0.0
0.0 2.0 20.0 0.0 6.0
0.0 2.0 24.0 6.0 6.0
0.0 0.0 24.0 6.0 0.0
3.0 2.0 20.0 0.0 6.0
3.0 0.0 20.0 0.0 0.0
3.0 0.0 24.0 6.0 0.0
3.0 2.0 20.0 0.0 6.0
3.0 2.0 24.0 6.0 6.0
3.0 0.0 24.0 6.0 0.0
0.0 2.0 24.0 0.0 6.0
0.0 0.0 24.0 0.0 0.0
3.0 0.0 24.0 6.0 0.0
0.0 2.0 24.0 0.0 6.0
3.0 2.0 24.0 6.0 6.0
3.0 0.0 24.0 6.0 0.0
0.0 2.0 24.0 0.0 6.0
0.0 0.0 24.0 0.0 0.0
0.3 0.0 24.0 6.0 0.0
0.0 2.0 24.0 0.0 6.0
0.3 2.0 24.0 6.0 6.0
0.3 0.0 24.0 6.0 0.0
0.3 2.0 24.0 0.0 6.0
0.3 1.1 24.0 0.0 0.0
0.8 1.1 24.0 6.0 0.0
0.3 2.0 24.0 0.0 6.0
0.8 2.0 24.0 6.0 6.0
0.8 1.1 24.0 6.0 0.0
0.3 0.5 24.0 0.0 6.0
0.3 0.0 24.0 0.0 0.0
0.8 0.0 24.0 6.0 0.0
0.3 0.5 24.0 0.0 6.0
0.8 0.5 24.0 6.0 6.0
0.8 0.0 24.0 6.0 0.0
0.8 2.0 24.0 0.0 6.0
0.8 0.0 24.0 0.0 0.0
6.0 0.0 24.0 6.0 0.0
0.8 2.0 24.0 0.0 6.0
6.0 2.0 24.0 6.0 6.0
6.0 0.0 24.0 6.0 0.0
0.0 2.0 24.0 0.0 6.0
0.0 0.0 24.0 0.0 0.0
0.0 0.0 28.0 6.0 0.0
0.0 2.0 24.0 0.0 6.0
0.0 2.0 28.0 6.0 6.0
0.0 0.0 28.0 6.0 0.0
6.0 2.0 24.0 0.0 6.0
6.0 0.0 24.0 0.0 0.0
6.0 0.0 28.0 6.0 0.0
6.0 2.0 24.0 0.0 6.0
6.0 2.0 28.0 6.0 6.0
6.0 0.0 28.0 6.0 0.0
0.0 2.0 28.0 0.0 6.0
0.0 0.0 28.0 0.0 0.0
6.0 0.0 28.0 6.0 0.0
0.0 2.0 28.0 0.0 6.0
6.0 2.0 28.0 6.0 6.0
6.0 0.0 28.0 6.0 0.0
6.0 2.0 0.0 0.0 6.0
6.0 0.0 0.0 0.0 0.0
6.3 0.0 0.0 6.0 0.0
6.0 2.0 0.0 0.0 6.0
6.3 2.0 0.0 6.0 6.0
6.3 0.0 0.0 6.0 0.0
6.3 2.0 0.0 0.0 6.0
6.3 1.1 0.0 0.0 0.0
6.8 1.1 0.0 6.0 0.0
6.3 2.0 0.0 0.0 6.0
6.8 2.0 0.0 6.0 6.0
6.8 1.1 0.0 6.0 0.0
6.3 0.5 0.0 0.0 6.0
6.3 0.0 0.0 0.0 0.0
6.8 0.0 0.0 6.0 0.0
6.3 0.5 0.0 0.0 6.0
6.8 0.5 0.0 6.0 6.0
6.8 0.0 0.0 6.0 0.0
6.8 2.0 0.0 0.0 6.0
6.8 0.0 0.0 0.0 0.0
9.0 0.0 0.0 6.0 0.0
6.8 2.0 0.0 0.0 6.0
9.0 2.0 0.0 6.0 6.0
9.0 0.0 0.0 6.0 0.0
6.0 2.0 0.0 0.0 6.0
6.0 0.0 0.0 0.0 0.0
6.0 0.0 4.0 6.0 0.0
6.0 2.0 0.0 0.0 6.0
6.0 2.0 4.0 6.0 6.0
6.0 0.0 4.0 6.0 0.0
9.0 2.0 0.0 0.0 6.0
9.0 0.0 0.0 0.0 0.0
9.0 0.0 4.0 6.0 0.0
9.0 2.0 0.0 0.0 6.0
9.0 2.0 4.0 6.0 6.0
9.0 0.0 4.0 6.0 0.0
6.0 2.0 4.0 0.0 6.0
6.0 0.0 4.0 0.0 0.0
9.0 0.0 4.0 6.0 0.0
6.0 2.0 4.0 0.0 6.0
9.0 2.0 4.0 6.0 6.0
9.0 0.0 4.0 6.0 0.0
6.0 2.0 8.0 0.0 6.0
6.0 0.0 8.0 0.0 0.0
6.3 0.0 8.0 6.0 0.0
6.0 2.0 8.0 0.0 6.0
6.3 2.0 8.0 6.0 6.0
6.3 0.0 8.0 6.0 0.0
6.3 2.0 8.0 0.0 6.0
6.3 1.1 8.0 0.0 0.0
6.8 1.1 8.0 6.0 0.0
6.3 2.0 8.0 0.0 6.0
6.8 2.0 8.0 6.0 6.0
6.8 1.1 8.0 6.0 0.0
6.3 0.5 8.0 0.0 6.0
6.3 0.0 8.0 0.0 0.0
6.8 0.0 8.0 6.0 0.0
6.3 0.5 8.0 0.0 6.0
6.8 0.5 8.0 6.0 6.0
6.8 0.0 8.0 6.0 0.0
6.8 2.0 8.0 0.0 6.0
6.8 0.0 8.0 0.0 0.0
9.0 0.0 8.0 6.0 0.0
6.8 2.0 8.0 0.0 6.0
9.0 2.0 8.0 6.0 6.0
9.0 0.0 8.0 6.0 0.0
6.0 2.0 8.0 0.0 6.0
6.0 0.0 8.0 0.0 0.0
6.0 0.0 12.0 6.0 0.0
6.0 2.0 8.0 0.0 6.0
6.0 2.0 12.0 6.0 6.0
6.0 0.0 12.0 6.0 0.0
9.0 2.0 8.0 0.0 6.0
9.0 0.0 8.0 0.0 0.0
9.0 0.0 12.0 6.0 0.0
9.0 2.0 8.0 0.0 6.0
9.0 2.0 12.0 6.0 6.0
9.0 0.0 12.0 6.0 0.0
6.0 2.0 12.0 0.0 6.0
6.0 0.0 12.0 0.0 0.0
9.0 0.0 12.0 6.0 0.0
6.0 2.0 12.0 0.0 6.0
9.0 2.0 12.0 6.0 6.0
9.0 0.0 12.0 6.0 0.0
6.0 2.0 12.0 0.0 6.0
6.0 0.0 12.0 0.0 0.0
6.3 0.0 12.0 6.0 0.0
6.0 2.0 12.0 0.0 6.0
6.3 2.0 12.0 6.0 6.0
6.3 0.0 12.0 6.0 0.0
6.3 2.0 12.0 0.0 6.0
6.3 1.1 12.0 0.0 0.0
6.8 1.1 12.0 6.0 0.0
6.3 2.0 12.0 0.0 6.0
6.8 2.0 12.0 6.0 6.0
6.8 1.1 12.0 6.0 0.0
6.3 0.5 12.0 0.0 6.0
6.3 0.0 12.0 0.0 0.0
6.8 0.0 12.0 6.0 0.0
6.3 0.5 12.0 0.0 6.0
6.8 0.5 12.0 6.0 6.0
6.8 0.0 12.0 6.0 0.0
6.8 2.0 12.0 0.0 6.0
6.8 0.0 12.0 0.0 0.0
9.0 0.0 12.0 6.0 0.0
6.8 2.0 12.0 0.0 6.0
9.0 2.0 12.0 6.0 6.0
9.0 0.0 12.0 6.0 0.0
6.0 2.0 12.0 0.0 6.0
6.0 0.0 12.0 0.0 0.0
6.0 0.0 16.0 6.0 0.0
6.0 2.0 12.0 0.0 6.0
6.0 2.0 16.0 6.0 6.0
6.0 0.0 16.0 6.0 0.0
9.0 2.0 12.0 0.0 6.0
9.0 0.0 12.0 0.0 0.0
9.0 0.0 16.0 6.0 0.0
9.0 2.0 12.0 0.0 6.0
9.0 2.0 16.0 6.0 6.0
9.0 0.0 16.0 6.0 0.0
6.0 2.0 16.0 0.0 6.0
6.0 0.0 16.0 0.0 0.0
9.0 0.0 16.0 6.0 0.0
6.0 2.0 16.0 0.0 6.0
9.0 2.0 16.0 6.0 6.0
9.0 0.0 16.0 6.0 0.0
6.0 2.0 16.0 0.0 6.0
6.0 0.0 16.0 0.0 0.0
6.3 0.0 16.0 6.0 0.0
6.0 2.0 16.0 0.0 6.0
6.3 2.0 16.0 6.0 6.0
6.3 0.0 16.0 6.0 0.0
6.3 2.0 16.0 0.0 6.0
6.3 1.1 16.0 0.0 0.0
6.8 1.1 16.0 6.0 0.0
6.3 2.0 16.0 0.0 6.0
6.8 2.0 16.0 6.0 6.0
6.8 1.1 16.0 6.0 0.0
6.3 0.5 16.0 0.0 6.0
6.3 0.0 16.0 0.0 0.0
6.8 0.0 16.0 6.0 0.0
6.3 0.5 16.0 0.0 6.0
6.8 0.5 16.0 6.0 6.0
6.8 0.0 16.0 6.0 0.0
6.8 2.0 16.0 0.0 6.0
6.8 0.0 16.0 0.0 0.0
9.0 0.0 16.0 6.0 0.0
6.8 2.0 16.0 0.0 6.0
9.0 2.0 16.0 6.0 6.0
9.0 0.0 16.0 6.0 0.0
6.0 2.0 16.0 0.0 6.0
6.0 0.0 16.0 0.0 0.0
6.0 0.0 20.0 6.0 0.0
6.0 2.0 16.0 0.0 6.0
6.0 2.0 20.0 6.0 6.0
6.0 0.0 20.0 6.0 0.0
9.0 2.0 16.0 0.0 6.0
9.0 0.0 16.0 0.0 0.0
9.0 0.0 20.0 6.0 0.0
9.0 2.0 16.0 0.0 6.0
9.0 2.0 20.0 6.0 6.0
9.0 0.0 20.0 6.0 0.0
6.0 2.0 20.0 0.0 6.0
6.0 0.0 20.0 0.0 0.0
9.0 0.0 20.0 6.0 0.0
6.0 2.0 20.0 0.0 6.0
9.0 2.0 20.0 6.0 6.0
9.0 0.0 20.0 6.0 0.0
6.0 2.0 24.0 0.0 6.0
6.0 0.0 24.0 0.0 0.0
6.3 0.0 24.0 6.0 0.0
6.0 2.0 24.0 0.0 6.0
6.3 2.0 24.0 6.0 6.0
6.3 0.0 24.0 6.0 0.0
6.3 2.0 24.0 0.0 6.0
6.3 1.1 24.0 0.0 0.0
6.8 1.1 24.0 6.0 0.0
6.3 2.0 24.0 0.0 6.0
6.8 2.0 24.0 6.0 6.0
6.8 1.1 24.0 6.0 0.0
6.3 0.5 24.0 0.0 6.0
6.3 0.0 24.0 0.0 0.0
6.8 0.0 24.0 6.0 0.0
6.3 0.5 24.0 0.0 6.0
6.8 0.5 24.0 6.0 6.0
6.8 0.0 24.0 6.0 0.0
6.8 2.0 24.0 0.0 6.0
6.8 0.0 24.0 0.0 0.0
9.0 0.0 24.0 6.0 0.0
6.8 2.0 24.0 0.0 6.0
9.0 2.0 24.0 6.0 6.0
9.0 0.0 24.0 6.0 0.0
6.0 2.0 24.0 0.0 6.0
6.0 0.0 24.0 0.0 0.0
6.0 0.0 28.0 6.0 0.0
6.0 2.0 24.0 0.0 6.0
6.0 2.0 28.0 6.0 6.0
6.0 0.0 28.0 6.0 0.0
9.0 2.0 24.0 0.0 6.0
9.0 0.0 24.0 0.0 0.0
9.0 0.0 28.0 6.0 0.0
9.0 2.0 24.0 0.0 6.0
9.0 2.0 28.0 6.0 6.0
9.0 0.0 28.0 6.0 0.0
6.0 2.0 28.0 0.0 6.0
6.0 0.0 28.0 0.0 0.0
9.0 0.0 28.0 6.0 0.0
6.0 2.0 28.0 0.0 6.0
9.0 2.0 28.0 6.0 6.0
9.0 0.0 28.0 6.0 0.0
9.0 2.0 0.0 0.0 6.0
9.0 0.0 0.0 0.0 0.0
9.3 0.0 0.0 6.0 0.0
9.0 2.0 0.0 0.0 6.0
9.3 2.0 0.0 6.0 6.0
9.3 0.0 0.0 6.0 0.0
9.3 2.0 0.0 0.0 6.0
9.3 1.1 0.0 0.0 0.0
9.8 1.1 0.0 6.0 0.0
9.3 2.0 0.0 0.0 6.0
9.8 2.0 0.0 6.0 6.0
9.8 1.1 0.0 6.0 0.0
9.3 0.5 0.0 0.0 6.0
9.3 0.0 0.0 0.0 0.0
9.8 0.0 0.0 6.0 0.0
9.3 0.5 0.0 0.0 6.0
9.8 0.5 0.0 6.0 6.0
9.8 0.0 0.0 6.0 0.0
9.8 2.0 0.0 0.0 6.0
9.8 0.0 0.0 0.0 0.0
12.0 0.0 0.0 6.0 0.0
9.8 2.0 0.0 0.0 6.0
12.0 2.0 0.0 6.0 6.0
12.0 0.0 0.0 6.0 0.0
9.0 2.0 0.0 0.0 6.0
9.0 0.0 0.0 0.0 0.0
9.0 0.0 4.0 6.0 0.0
9.0 2.0 0.0 0.0 6.0
9.0 2.0 4.0 6.0 6.0
9.0 0.0 4.0 6.0 0.0
12.0 2.0 0.0 0.0 6.0
12.0 0.0 0.0 0.0 0.0
12.0 0.0 4.0 6.0 0.0
12.0 2.0 0.0 0.0 6.0
12.0 2.0 4.0 6.0 6.0
12.0 0.0 4.0 6.0 0.0
9.0 2.0 4.0 0.0 6.0
9.0 0.0 4.0 0.0 0.0
12.0 0.0 4.0 6.0 0.0
9.0 2.0 4.0 0.0 6.0
12.0 2.0 4.0 6.0 6.0
12.0 0.0 4.0 6.0 0.0
9.0 2.0 24.0 0.0 6.0
9.0 0.0 24.0 0.0 0.0
9.3 0.0 24.0 6.0 0.0
9.0 2.0 24.0 0.0 6.0
9.3 2.0 24.0 6.0 6.0
9.3 0.0 24.0 6.0 0.0
9.3 2.0 24.0 0.0 6.0
9.3 1.1 24.0 0.0 0.0
9.8 1.1 24.0 6.0 0.0
9.3 2.0 24.0 0.0 6.0
9.8 2.0 24.0 6.0 6.0
9.8 1.1 24.0 6.0 0.0
9.3 0.5 24.0 0.0 6.0
9.3 0.0 24.0 0.0 0.0
9.8 0.0 24.0 6.0 0.0
9.3 0.5 24.0 0.0 6.0
9.8 0.5 24.0 6.0 6.0
9.8 0.0 24.0 6.0 0.0
9.8 2.0 24.0 0.0 6.0
9.8 0.0 24.0 0.0 0.0
12.0 0.0 24.0 6.0 0.0
9.8 2.0 24.0 0.0 6.0
12.0 2.0 24.0 6.0 6.0
12.0 0.0 24.0 6.0 0.0
9.0 2.0 24.0 0.0 6.0
9.0 0.0 24.0 0.0 0.0
9.0 0.0 28.0 6.0 0.0
9.0 2.0 24.0 0.0 6.0
9.0 2.0 28.0 6.0 6.0
9.0 0.0 28.0 6.0 0.0
12.0 2.0 24.0 0.0 6.0
12.0 0.0 24.0 0.0 0.0
12.0 0.0 28.0 6.0 0.0
12.0 2.0 24.0 0.0 6.0
12.0 2.0 28.0 6.0 6.0
12.0 0.0 28.0 6.0 0.0
9.0 2.0 28.0 0.0 6.0
9.0 0.0 28.0 0.0 0.0
12.0 0.0 28.0 6.0 0.0
9.0 2.0 28.0 0.0 6.0
12.0 2.0 28.0 6.0 6.0
12.0 0.0 28.0 6.0 0.0
12.0 2.0 0.0 0.0 6.0
12.0 0.0 0.0 0.0 0.0
12.3 0.0 0.0 6.0 0.0
12.0 2.0 0.0 0.0 6.0
12.3 2.0 0.0 6.0 6.0
12.3 0.0 0.0 6.0 0.0
12.3 2.0 0.0 0.0 6.0
12.3 1.1 0.0 0.0 0.0
12.8 1.1 0.0 6.0 0.0
12.3 2.0 0.0 0.0 6.0
12.8 2.0 0.0 6.0 6.0
12.8 1.1 0.0 6.0 0.0
12.3 0.5 0.0 0.0 6.0
12.3 0.0 0.0 0.0 0.0
12.8 0.0 0.0 6.0 0.0
12.3 0.5 0.0 0.0 6.0
12.8 0.5 0.0 6.0 6.0
12.8 0.0 0.0 6.0 0.0
12.8 2.0 0.0 0.0 6.0
12.8 0.0 0.0 0.0 0.0
15.0 0.0 0.0 6.0 0.0
12.8 2.0 0.0 0.0 6.0
15.0 2.0 0.0 6.0 6.0
15.0 0.0 0.0 6.0 0.0
12.0 2.0 0.0 0.0 6.0
12.0 0.0 0.0 0.0 0.0
12.0 0.0 4.0 6.0 0.0
12.0 2.0 0.0 0.0 6.0
12.0 2.0 4.0 6.0 6.0
12.0 0.0 4.0 6.0 0.0
15.0 2.0 0.0 0.0 6.0
15.0 0.0 0.0 0.0 0.0
15.0 0.0 4.0 6.0 0.0
15.0 2.0 0.0 0.0 6.0
15.0 2.0 4.0 6.0 6.0
15.0 0.0 4.0 6.0 0.0
12.0 2.0 4.0 0.0 6.0
12.0 0.0 4.0 0.0 0.0
15.0 0.0 4.0 6.0 0.0
12.0 2.0 4.0 0.0 6.0
15.0 2.0 4.0 6.0 6.0
15.0 0.0 4.0 6.0 0.0
12.0 2.0 8.0 0.0 6.0
12.0 0.0 8.0 0.0 0.0
12.3 0.0 8.0 6.0 0.0
12.0 2.0 8.0 0.0 6.0
12.3 2.0 8.0 6.0 6.0
12.3 0.0 8.0 6.0 0.0
12.3 2.0 8.0 0.0 6.0
12.3 1.1 8.0 0.0 0.0
12.8 1.1 8.0 6.0 0.0
12.3 2.0 8.0 0.0 6.0
12.8 2.0 8.0 6.0 6.0
12.8 1.1 8.0 6.0 0.0
12.3 0.5 8.0 0.0 6.0
12.3 0.0 8.0 0.0 0.0
12.8 0.0 8.0 6.0 0.0
12.3 0.5 8.0 0.0 6.0
12.8 0.5 8.0 6.0 6.0
12.8 0.0 8.0 6.0 0.0
12.8 2.0 8.0 0.0 6.0
12.8 0.0 8.0 0.0 0.0
15.0 0.0 8.0 6.0 0.0
12.8 2.0 8.0 0.0 6.0
15.0 2.0 8.0 6.0 6.0
15.0 0.0 8.0 6.0 0.0
12.0 2.0 8.0 0.0 6.0
12.0 0.0 8.0 0.0 0.0
12.0 0.0 12.0 6.0 0.0
12.0 2.0 8.0 0.0 6.0
12.0 2.0 12.0 6.0 6.0
12.0 0.0 12.0 6.0 0.0
15.0 2.0 8.0 0.0 6.0
15.0 0.0 8.0 0.0 0.0
15.0 0.0 12.0 6.0 0.0
15.0 2.0 8.0 0.0 6.0
15.0 2.0 12.0 6.0 6.0
15.0 0.0 12.0 6.0 0.0
12.0 2.0 12.0 0.0 6.0
12.0 0.0 12.0 0.0 0.0
15.0 0.0 12.0 6.0 0.0
12.0 2.0 12.0 0.0 6.0
15.0 2.0 12.0 6.0 6.0
15.0 0.0 12.0 6.0 0.0
12.0 2.0 12.0 0.0 6.0
12.0 0.0 12.0 0.0 0.0
12.3 0.0 12.0 6.0 0.0
12.0 2.0 12.0 0.0 6.0
12.3 2.0 12.0 6.0 6.0
12.3 0.0 12.0 6.0 0.0
12.3 2.0 12.0 0.0 6.0
12.3 1.1 12.0 0.0 0.0
12.8 1.1 12.0 6.0 0.0
12.3 2.0 12.0 0.0 6.0
12.8 2.0 12.0 6.0 6.0
12.8 1.1 12.0 6.0 0.0
12.3 0.5 12.0 0.0 6.0
12.3 0.0 12.0 0.0 0.0
12.8 0.0 12.0 6.0 0.0
12.3 0.5 12.0 0.0 6.0
12.8 0.5 12.0 6.0 6.0
12.8 0.0 12.0 6.0 0.0
12.8 2.0 12.0 0.0 6.0
12.8 0.0 12.0 0.0 0.0
15.0 0.0 12.0 6.0 0.0
12.8 2.0 12.0 0.0 6.0
15.0 2.0 12.0 6.0 6.0
15.0 0.0 12.0 6.0 0.0
12.0 2.0 12.0 0.0 6.0
12.0 0.0 12.0 0.0 0.0
12.0 0.0 16.0 6.0 0.0
12.0 2.0 12.0 0.0 6.0
12.0 2.0 16.0 6.0 6.0
12.0 0.0 16.0 6.0 0.0
15.0 2.0 12.0 0.0 6.0
15.0 0.0 12.0 0.0 0.0
15.0 0.0 16.0 6.0 0.0
15.0 2.0 12.0 0.0 6.0
15.0 2.0 16.0 6.0 6.0
15.0 0.0 16.0 6.0 0.0
12.0 2.0 16.0 0.0 6.0
12.0 0.0 16.0 0.0 0.0
15.0 0.0 16.0 6.0 0.0
12.0 2.0 16.0 0.0 6.0
15.0 2.0 16.0 6.0 6.0
15.0 0.0 16.0 6.0 0.0
12.0 2.0 16.0 0.0 6.0
12.0 0.0 16.0 0.0 0.0
12.3 0.0 16.0 6.0 0.0
12.0 2.0 16.0 0.0 6.0
12.3 2.0 16.0 6.0 6.0
12.3 0.0 16.0 6.0 0.0
12.3 2.0 16.0 0.0 6.0
12.3 1.1 16.0 0.0 0.0
12.8 1.1 16.0 6.0 0.0
12.3 2.0 16.0 0.0 6.0
12.8 2.0 16.0 6.0 6.0
12.8 1.1 16.0 6.0 0.0
12.3 0.5 16.0 0.0 6.0
12.3 0.0 16.0 0.0 0.0
12.8 0.0 16.0 6.0 0.0
12.3 0.5 16.0 0.0 6.0
12.8 0.5 16.0 6.0 6.0
12.8 0.0 16.0 6.0 0.0
12.8 2.0 16.0 0.0 6.0
12.8 0.0 16.0 0.0 0.0
15.0 0.0 16.0 6.0 0.0
12.8 2.0 16.0 0.0 6.0
15.0 2.0 16.0 6.0 6.0
15.0 0.0 16.0 6.0 0.0
12.0 2.0 16.0 0.0 6.0
12.0 0.0 16.0 0.0 0.0
12.0 0.0 20.0 6.0 0.0
12.0 2.0 16.0 0.0 6.0
12.0 2.0 20.0 6.0 6.0
12.0 0.0 20.0 6.0 0.0
15.0 2.0 16.0 0.0 6.0
15.0 0.0 16.0 0.0 0.0
15.0 0.0 20.0 6.0 0.0
15.0 2.0 16.0 0.0 6.0
15.0 2.0 20.0 6.0 6.0
15.0 0.0 20.0 6.0 0.0
12.0 2.0 20.0 0.0 6.0
12.0 0.0 20.0 0.0 0.0
15.0 0.0 20.0 6.0 0.0
12.0 2.0 20.0 0.0 6.0
15.0 2.0 20.0 6.0 6.0
15.0 0.0 20.0 6.0 0.0
12.0 2.0 24.0 0.0 6.0
12.0 0.0 24.0 0.0 0.0
12.3 0.0 24.0 6.0 0.0
12.0 2.0 24.0 0.0 6.0
12.3 2.0 24.0 6.0 6.0
12.3 0.0 24.0 6.0 0.0
12.3 2.0 24.0 0.0 6.0
12.3 1.1 24.0 0.0 0.0
12.8 1.1 24.0 6.0 0.0
12.3 2.0 24.0 0.0 6.0
12.8 2.0 24.0 6.0 6.0
12.8 1.1 24.0 6.0 0.0
12.3 0.5 24.0 0.0 6.0
12.3 0.0 24.0 0.0 0.0
12.8 0.0 24.0 6.0 0.0
12.3 0.5 24.0 0.0 6.0
12.8 0.5 24.0 6.0 6.0
12.8 0.0 24.0 6.0 0.0
12.8 2.0 24.0 0.0 6.0
12.8 0.0 24.0 0.0 0.0
15.0 0.0 24.0 6.0 0.0
12.8 2.0 24.0 0.0 6.0
15.0 2.0 24.0 6.0 6.0
15.0 0.0 24.0 6.0 0.0
12.0 2.0 24.0 0.0 6.0
12.0 0.0 24.0 0.0 0.0
12.0 0.0 28.0 6.0 0.0
12.0 2.0 24.0 0.0 6.0
12.0 2.0 28.0 6.0 6.0
12.0 0.0 28.0 6.0 0.0
15.0 2.0 24.0 0.0 6.0
15.0 0.0 24.0 0.0 0.0
15.0 0.0 28.0 6.0 0.0
15.0 2.0 24.0 0.0 6.0
15.0 2.0 28.0 6.0 6.0
15.0 0.0 28.0 6.0 0.0
12.0 2.0 28.0 0.0 6.0
12.0 0.0 28.0 0.0 0.0
15.0 0.0 28.0 6.0 0.0
12.0 2.0 28.0 0.0 6.0
15.0 2.0 28.0 6.0 6.0
15.0 0.0 28.0 6.0 0.0
15.0 2.0 0.0 0.0 6.0
15.0 0.0 0.0 0.0 0.0
15.3 0.0 0.0 6.0 0.0
15.0 2.0 0.0 0.0 6.0
15.3 2.0 0.0 6.0 6.0
15.3 0.0 0.0 6.0 0.0
15.3 2.0 0.0 0.0 6.0
15.3 1.1 0.0 0.0 0.0
15.8 1.1 0.0 6.0 0.0
15.3 2.0 0.0 0.0 6.0
15.8 2.0 0.0 6.0 6.0
15.8 1.1 0.0 6.0 0.0
15.3 0.5 0.0 0.0 6.0
15.3 0.0 0.0 0.0 0.0
15.8 0.0 0.0 6.0 0.0
15.3 0.5 0.0 0.0 6.0
15.8 0.5 0.0 6.0 6.0
15.8 0.0 0.0 6.0 0.0
15.8 2.0 0.0 0.0 6.0
15.8 0.0 0.0 0.0 0.0
21.0 0.0 0.0 6.0 0.0
15.8 2.0 0.0 0.0 6.0
21.0 2.0 0.0 6.0 6.0
21.0 0.0 0.0 6.0 0.0
15.0 2.0 0.0 0.0 6.0
15.0 0.0 0.0 0.0 0.0
15.0 0.0 4.0 6.0 0.0
15.0 2.0 0.0 0.0 6.0
15.0 2.0 4.0 6.0 6.0
15.0 0.0 4.0 6.0 0.0
21.0 2.0 0.0 0.0 6.0
21.0 0.0 0.0 0.0 0.0
21.0 0.0 4.0 6.0 0.0
21.0 2.0 0.0 0.0 6.0
21.0 2.0 4.0 6.0 6.0
21.0 0.0 4.0 6.0 0.0
15.0 2.0 4.0 0.0 6.0
15.0 0.0 4.0 0.0 0.0
21.0 0.0 4.0 6.0 0.0
15.0 2.0 4.0 0.0 6.0
21.0 2.0 4.0 6.0 6.0
21.0 0.0 4.0 6.0 0.0
15.0 2.0 24.0 0.0 6.0
15.0 0.0 24.0 0.0 0.0
15.3 0.0 24.0 6.0 0.0
15.0 2.0 24.0 0.0 6.0
15.3 2.0 24.0 6.0 6.0
15.3 0.0 24.0 6.0 0.0
15.3 2.0 24.0 0.0 6.0
15.3 1.1 24.0 0.0 0.0
15.8 1.1 24.0 6.0 0.0
15.3 2.0 24.0 0.0 6.0
15.8 2.0 24.0 6.0 6.0
15.8 1.1 24.0 6.0 0.0
15.3 0.5 24.0 0.0 6.0
15.3 0.0 24.0 0.0 0.0
15.8 0.0 24.0 6.0 0.0
15.3 0.5 24.0 0.0 6.0
15.8 0.5 24.0 6.0 6.0
15.8 0.0 24.0 6.0 0.0
15.8 2.0 24.0 0.0 6.0
15.8 0.0 24.0 0.0 0.0
21.0 0.0 24.0 6.0 0.0
15.8 2.0 24.0 0.0 6.0
21.0 2.0 24.0 6.0 6.0
21.0 0.0 24.0 6.0 0.0
15.0 2.0 24.0 0.0 6.0
15.0 0.0 24.0 0.0 0.0
15.0 0.0 28.0 6.0 0.0
15.0 2.0 24.0 0.0 6.0
15.0 2.0 28.0 6.0 6.0
15.0 0.0 28.0 6.0 0.0
21.0 2.0 24.0 0.0 6.0
21.0 0.0 24.0 0.0 0.0
21.0 0.0 28.0 6.0 0.0
21.0 2.0 24.0 0.0 6.0
21.0 2.0 28.0 6.0 6.0
21.0 0.0 28.0 6.0 0.0
15.0 2.0 28.0 0.0 6.0
15.0 0.0 28.0 0.0 0.0
21.0 0.0 28.0 6.0 0.0
15.0 2.0 28.0 0.0 6.0
21.0 2.0 28.0 6.0 6.0
21.0 0.0 28.0 6.0 0.0
18.0 2.0 4.0 0.0 6.0
18.0 0.0 4.0 0.0 0.0
18.3 0.0 4.0 6.0 0.0
18.0 2.0 4.0 0.0 6.0
18.3 2.0 4.0 6.0 6.0
18.3 0.0 4.0 6.0 0.0
18.3 2.0 4.0 0.0 6.0
18.3 1.1 4.0 0.0 0.0
18.8 1.1 4.0 6.0 0.0
18.3 2.0 4.0 0.0 6.0
18.8 2.0 4.0 6.0 6.0
18.8 1.1 4.0 6.0 0.0
18.3 0.5 4.0 0.0 6.0
18.3 0.0 4.0 0.0 0.0
18.8 0.0 4.0 6.0 0.0
18.3 0.5 4.0 0.0 6.0
18.8 0.5 4.0 6.0 6.0
18.8 0.0 4.0 6.0 0.0
18.8 2.0 4.0 0.0 6.0
18.8 0.0 4.0 0.0 0.0
21.0 0.0 4.0 6.0 0.0
18.8 2.0 4.0 0.0 6.0
21.0 2.0 4.0 6.0 6.0
21.0 0.0 4.0 6.0 0.0
18.0 2.0 4.0 0.0 6.0
18.0 0.0 4.0 0.0 0.0
18.0 0.0 8.0 6.0 0.0
18.0 2.0 4.0 0.0 6.0
18.0 2.0 8.0 6.0 6.0
18.0 0.0 8.0 6.0 0.0
21.0 2.0 4.0 0.0 6.0
21.0 0.0 4.0 0.0 0.0
21.0 0.0 8.0 6.0 0.0
21.0 2.0 4.0 0.0 6.0
21.0 2.0 8.0 6.0 6.0
21.0 0.0 8.0 6.0 0.0
18.0 2.0 8.0 0.0 6.0
18.0 0.0 8.0 0.0 0.0
21.0 0.0 8.0 6.0 0.0
18.0 2.0 8.0 0.0 6.0
21.0 2.0 8.0 6.0 6.0
21.0 0.0 8.0 6.0 0.0
18.0 2.0 8.0 0.0 6.0
18.0 0.0 8.0 0.0 0.0
18.3 0.0 8.0 6.0 0.0
18.0 2.0 8.0 0.0 6.0
18.3 2.0 8.0 6.0 6.0
18.3 0.0 8.0 6.0 0.0
18.3 2.0 8.0 0.0 6.0
18.3 1.1 8.0 0.0 0.0
18.8 1.1 8.0 6.0 0.0
18.3 2.0 8.0 0.0 6.0
18.8 2.0 8.0 6.0 6.0
18.8 1.1 8.0 6.0 0.0
18.3 0.5 8.0 0.0 6.0
18.3 0.0 8.0 0.0 0.0
18.8 0.0 8.0 6.0 0.0
18.3 0.5 8.0 0.0 6.0
18.8 0.5 8.0 6.0 6.0
18.8 0.0 8.0 6.0 0.0
18.8 2.0 8.0 0.0 6.0
18.8 0.0 8.0 0.0 0.0
21.0 0.0 8.0 6.0 0.0
18.8 2.0 8.0 0.0 6.0
21.0 2.0 8.0 6.0 6.0
21.0 0.0 8.0 6.0 0.0
18.0 2.0 8.0 0.0 6.0
18.0 0.0 8.0 0.0 0.0
18.0 0.0 12.0 6.0 0.0
18.0 2.0 8.0 0.0 6.0
18.0 2.0 12.0 6.0 6.0
18.0 0.0 12.0 6.0 0.0
21.0 2.0 8.0 0.0 6.0
21.0 0.0 8.0 0.0 0.0
21.0 0.0 12.0 6.0 0.0
21.0 2.0 8.0 0.0 6.0
21.0 2.0 12.0 6.0 6.0
21.0 0.0 12.0 6.0 0.0
18.0 2.0 12.0 0.0 6.0
18.0 0.0 12.0 0.0 0.0
21.0 0.0 12.0 6.0 0.0
18.0 2.0 12.0 0.0 6.0
21.0 2.0 12.0 6.0 6.0
21.0 0.0 12.0 6.0 0.0
18.0 2.0 12.0 0.0 6.0
18.0 0.0 12.0 0.0 0.0
18.3 0.0 12.0 6.0 0.0
18.0 2.0 12.0 0.0 6.0
18.3 2.0 12.0 6.0 6.0
18.3 0.0 12.0 6.0 0.0
18.3 2.0 12.0 0.0 6.0
18.3 1.1 12.0 0.0 0.0
18.8 1.1 12.0 6.0 0.0
18.3 2.0 12.0 0.0 6.0
18.8 2.0 12.0 6.0 6.0
18.8 1.1 12.0 6.0 0.0
18.3 0.5 12.0 0.0 6.0
18.3 0.0 12.0 0.0 0.0
18.8 0.0 12.0 6.0 0.0
18.3 0.5 12.0 0.0 6.0
18.8 0.5 12.0 6.0 6.0
18.8 0.0 12.0 6.0 0.0
18.8 2.0 12.0 0.0 6.0
18.8 0.0 12.0 0.0 0.0
21.0 0.0 12.0 6.0 0.0
18.8 2.0 12.0 0.0 6.0
21.0 2.0 12.0 6.0 6.0
21.0 0.0 12.0 6.0 0.0
18.0 2.0 12.0 0.0 6.0
18.0 0.0 12.0 0.0 0.0
18.0 0.0 16.0 6.0 0.0
18.0 2.0 12.0 0.0 6.0
18.0 2.0 16.0 6.0 6.0
18.0 0.0 16.0 6.0 0.0
21.0 2.0 12.0 0.0 6.0
21.0 0.0 12.0 0.0 0.0
21.0 0.0 16.0 6.0 0.0
21.0 2.0 12.0 0.0 6.0
21.0 2.0 16.0 6.0 6.0
21.0 0.0 16.0 6.0 0.0
18.0 2.0 16.0 0.0 6.0
18.0 0.0 16.0 0.0 0.0
21.0 0.0 16.0 6.0 0.0
18.0 2.0 16.0 0.0 6.0
21.0 2.0 16.0 6.0 6.0
21.0 0.0 16.0 6.0 0.0
18.0 2.0 16.0 0.0 6.0
18.0 0.0 16.0 0.0 0.0
18.3 0.0 16.0 6.0 0.0
18.0 2.0 16.0 0.0 6.0
18.3 2.0 16.0 6.0 6.0
18.3 0.0 16.0 6.0 0.0
18.3 2.0 16.0 0.0 6.0
18.3 1.1 16.0 0.0 0.0
18.8 1.1 16.0 6.0 0.0
18.3 2.0 16.0 0.0 6.0
18.8 2.0 16.0 6.0 6.0
18.8 1.1 16.0 6.0 0.0
18.3 0.5 16.0 0.0 6.0
18.3 0.0 16.0 0.0 0.0
18.8 0.0 16.0 6.0 0.0
18.3 0.5 16.0 0.0 6.0
18.8 0.5 16.0 6.0 6.0
18.8 0.0 16.0 6.0 0.0
18.8 2.0 16.0 0.0 6.0
18.8 0.0 16.0 0.0 0.0
21.0 0.0 16.0 6.0 0.0
18.8 2.0 16.0 0.0 6.0
21.0 2.0 16.0 6.0 6.0
21.0 0.0 16.0 6.0 0.0
18.0 2.0 16.0 0.0 6.0
18.0 0.0 16.0 0.0 0.0
18.0 0.0 20.0 6.0 0.0
18.0 2.0 16.0 0.0 6.0
18.0 2.0 20.0 6.0 6.0
18.0 0.0 20.0 6.0 0.0
21.0 2.0 16.0 0.0 6.0
21.0 0.0 16.0 0.0 0.0
21.0 0.0 20.0 6.0 0.0
21.0 2.0 16.0 0.0 6.0
21.0 2.0 20.0 6.0 6.0
21.0 0.0 20.0 6.0 0.0
18.0 2.0 20.0 0.0 6.0
18.0 0.0 20.0 0.0 0.0
21.0 0.0 20.0 6.0 0.0
18.0 2.0 20.0 0.0 6.0
21.0 2.0 20.0 6.0 6.0
21.0 0.0 20.0 6.0 0.0
18.0 2.0 20.0 0.0 6.0
18.0 0.0 20.0 0.0 0.0
18.3 0.0 20.0 6.0 0.0
18.0 2.0 20.0 0.0 6.0
18.3 2.0 20.0 6.0 6.0
18.3 0.0 20.0 6.0 0.0
18.3 2.0 20.0 0.0 6.0
18.3 1.1 20.0 0.0 0.0
18.8 1.1 20.0 6.0 0.0
18.3 2.0 20.0 0.0 6.0
18.8 2.0 20.0 6.0 6.0
18.8 1.1 20.0 6.0 0.0
18.3 0.5 20.0 0.0 6.0
18.3 0.0 20.0 0.0 0.0
18.8 0.0 20.0 6.0 0.0
18.3 0.5 20.0 0.0 6.0
18.8 0.5 20.0 6.0 6.0
18.8 0.0 20.0 6.0 0.0
18.8 2.0 20.0 0.0 6.0
18.8 0.0 20.0 0.0 0.0
21.0 0.0 20.0 6.0 0.0
18.8 2.0 20.0 0.0 6.0
21.0 2.0 20.0 6.0 6.0
21.0 0.0 20.0 6.0 0.0
18.0 2.0 20.0 0.0 6.0
18.0 0.0 20.0 0.0 0.0
18.0 0.0 24.0 6.0 0.0
18.0 2.0 20.0 0.0 6.0
18.0 2.0 24.0 6.0 6.0
18.0 0.0 24.0 6.0 0.0
21.0 2.0 20.0 0.0 6.0
21.0 0.0 20.0 0.0 0.0
21.0 0.0 24.0 6.0 0.0
21.0 2.0 20.0 0.0 6.0
21.0 2.0 24.0 6.0 6.0
21.0 0.0 24.0 6.0 0.0
18.0 2.0 24.0 0.0 6.0
18.0 0.0 24.0 0.0 0.0
21.0 0.0 24.0 6.0 0.0
18.0 2.0 24.0 0.0 6.0
21.0 2.0 24.0 6.0 6.0
21.0 0.0 24.0 6.0 0.0
