6.0 0.0 8.2 0.0 0.0 -1.0 0.0 0.0
6.0 2.0 8.2 0.0 0.0 -1.0 0.0 1.0
6.2 2.0 8.2 0.0 0.0 -1.0 1.0 1.0
6.0 0.0 8.2 0.0 -0.0 -1.0 0.0 0.0
6.2 2.0 8.2 0.0 -0.0 -1.0 1.0 1.0
6.2 0.0 8.2 0.0 -0.0 -1.0 1.0 0.0
6.2 0.0 8.2 1.0 0.0 -0.0 0.0 0.0
6.2 2.0 8.2 1.0 0.0 -0.0 0.0 1.0
6.2 2.0 9.2 1.0 0.0 -0.0 1.0 1.0
6.2 0.0 8.2 1.0 0.0 0.0 0.0 0.0
6.2 2.0 9.2 1.0 0.0 0.0 1.0 1.0
6.2 0.0 9.2 1.0 0.0 0.0 1.0 0.0
6.2 0.0 9.2 0.0 0.0 1.0 0.0 0.0
6.2 2.0 9.2 0.0 0.0 1.0 0.0 1.0
6.0 2.0 9.2 0.0 0.0 1.0 1.0 1.0
6.2 0.0 9.2 0.0 0.0 1.0 0.0 0.0
6.0 2.0 9.2 0.0 0.0 1.0 1.0 1.0
6.0 0.0 9.2 0.0 0.0 1.0 1.0 0.0
6.0 0.0 9.2 -1.0 -0.0 -0.0 0.0 0.0
6.0 2.0 9.2 -1.0 -0.0 -0.0 0.0 1.0
6.0 2.0 8.2 -1.0 -0.0 -0.0 1.0 1.0
6.0 0.0 9.2 -1.0 0.0 0.0 0.0 0.0
6.0 2.0 8.2 -1.0 0.0 0.0 1.0 1.0
6.0 0.0 8.2 -1.0 0.0 0.0 1.0 0.0
6.0 2.0 8.2 -0.0 1.0 0.0 0.0 0.0
6.0 2.0 9.2 -0.0 1.0 0.0 0.0 1.0
6.2 2.0 9.2 -0.0 1.0 0.0 1.0 1.0
6.0 2.0 8.2 0.0 -1.0 0.0 0.0 0.0
6.2 2.0 8.2 0.0 -1.0 0.0 1.0 1.0
6.2 2.0 9.2 0.0 -1.0 0.0 1.0 0.0
6.0 0.0 8.2 -0.0 1.0 0.0 0.0 0.0
6.0 0.0 9.2 -0.0 1.0 0.0 0.0 1.0
6.2 0.0 9.2 -0.0 1.0 0.0 1.0 1.0
6.0 0.0 8.2 0.0 -1.0 0.0 0.0 0.0
6.2 0.0 8.2 0.0 -1.0 0.0 1.0 1.0
6.2 0.0 9.2 0.0 -1.0 0.0 1.0 0.0
6.0 1.0 9.2 0.0 0.0 -1.0 0.0 0.0
6.0 2.0 9.2 0.0 0.0 -1.0 0.0 1.0
6.2 2.0 9.2 0.0 0.0 -1.0 1.0 1.0
6.0 1.0 9.2 0.0 -0.0 -1.0 0.0 0.0
6.2 2.0 9.2 0.0 -0.0 -1.0 1.0 1.0
6.2 1.0 9.2 0.0 -0.0 -1.0 1.0 0.0
6.2 1.0 9.2 1.0 0.0 -0.0 0.0 0.0
6.2 2.0 9.2 1.0 0.0 -0.0 0.0 1.0
6.2 2.0 9.7 1.0 0.0 -0.0 1.0 1.0
6.2 1.0 9.2 1.0 0.0 0.0 0.0 0.0
6.2 2.0 9.7 1.0 0.0 0.0 1.0 1.0
6.2 1.0 9.7 1.0 0.0 0.0 1.0 0.0
6.2 1.0 9.7 0.0 0.0 1.0 0.0 0.0
6.2 2.0 9.7 0.0 0.0 1.0 0.0 1.0
6.0 2.0 9.7 0.0 0.0 1.0 1.0 1.0
6.2 1.0 9.7 0.0 0.0 1.0 0.0 0.0
6.0 2.0 9.7 0.0 0.0 1.0 1.0 1.0
6.0 1.0 9.7 0.0 0.0 1.0 1.0 0.0
6.0 1.0 9.7 -1.0 -0.0 -0.0 0.0 0.0
6.0 2.0 9.7 -1.0 -0.0 -0.0 0.0 1.0
6.0 2.0 9.2 -1.0 -0.0 -0.0 1.0 1.0
6.0 1.0 9.7 -1.0 0.0 0.0 0.0 0.0
6.0 2.0 9.2 -1.0 0.0 0.0 1.0 1.0
6.0 1.0 9.2 -1.0 0.0 0.0 1.0 0.0
6.0 2.0 9.2 -0.0 1.0 0.0 0.0 0.0
6.0 2.0 9.7 -0.0 1.0 0.0 0.0 1.0
6.2 2.0 9.7 -0.0 1.0 0.0 1.0 1.0
6.0 2.0 9.2 0.0 -1.0 0.0 0.0 0.0
6.2 2.0 9.2 0.0 -1.0 0.0 1.0 1.0
6.2 2.0 9.7 0.0 -1.0 0.0 1.0 0.0
6.0 1.0 9.2 -0.0 1.0 0.0 0.0 0.0
6.0 1.0 9.7 -0.0 1.0 0.0 0.0 1.0
6.2 1.0 9.7 -0.0 1.0 0.0 1.0 1.0
6.0 1.0 9.2 0.0 -1.0 0.0 0.0 0.0
6.2 1.0 9.2 0.0 -1.0 0.0 1.0 1.0
6.2 1.0 9.7 0.0 -1.0 0.0 1.0 0.0
6.0 0.0 9.7 0.0 0.0 -1.0 0.0 0.0
6.0 2.0 9.7 0.0 0.0 -1.0 0.0 1.0
6.2 2.0 9.7 0.0 0.0 -1.0 1.0 1.0
6.0 0.0 9.7 0.0 -0.0 -1.0 0.0 0.0
6.2 2.0 9.7 0.0 -0.0 -1.0 1.0 1.0
6.2 0.0 9.7 0.0 -0.0 -1.0 1.0 0.0
6.2 0.0 9.7 1.0 0.0 -0.0 0.0 0.0
6.2 2.0 9.7 1.0 0.0 -0.0 0.0 1.0
6.2 2.0 11.799999 1.0 0.0 -0.0 1.0 1.0
6.2 0.0 9.7 1.0 0.0 0.0 0.0 0.0
6.2 2.0 11.799999 1.0 0.0 0.0 1.0 1.0
6.2 0.0 11.799999 1.0 0.0 0.0 1.0 0.0
6.2 0.0 11.799999 0.0 0.0 1.0 0.0 0.0
6.2 2.0 11.799999 0.0 0.0 1.0 0.0 1.0
6.0 2.0 11.799999 0.0 0.0 1.0 1.0 1.0
6.2 0.0 11.799999 0.0 0.0 1.0 0.0 0.0
6.0 2.0 11.799999 0.0 0.0 1.0 1.0 1.0
6.0 0.0 11.799999 0.0 0.0 1.0 1.0 0.0
6.0 0.0 11.799999 -1.0 -0.0 -0.0 0.0 0.0
6.0 2.0 11.799999 -1.0 -0.0 -0.0 0.0 1.0
6.0 2.0 9.7 -1.0 -0.0 -0.0 1.0 1.0
6.0 0.0 11.799999 -1.0 0.0 0.0 0.0 0.0
6.0 2.0 9.7 -1.0 0.0 0.0 1.0 1.0
6.0 0.0 9.7 -1.0 0.0 0.0 1.0 0.0
6.0 2.0 9.7 -0.0 0.99999994 0.0 0.0 0.0
6.0 2.0 11.799999 -0.0 0.99999994 0.0 0.0 1.0
6.2 2.0 11.799999 -0.0 0.99999994 0.0 1.0 1.0
6.0 2.0 9.7 0.0 -0.99999994 0.0 0.0 0.0
6.2 2.0 9.7 0.0 -0.99999994 0.0 1.0 1.0
6.2 2.0 11.799999 0.0 -0.99999994 0.0 1.0 0.0
6.0 0.0 9.7 -0.0 0.99999994 0.0 0.0 0.0
6.0 0.0 11.799999 -0.0 0.99999994 0.0 0.0 1.0
6.2 0.0 11.799999 -0.0 0.99999994 0.0 1.0 1.0
6.0 0.0 9.7 0.0 -0.99999994 0.0 0.0 0.0
6.2 0.0 9.7 0.0 -0.99999994 0.0 1.0 1.0
6.2 0.0 11.799999 0.0 -0.99999994 0.0 1.0 0.0
6.0 0.0 8.0 0.0 0.0 -1.0 0.0 0.0
6.0 2.0 8.0 0.0 0.0 -1.0 0.0 1.0
9.0 2.0 8.0 0.0 0.0 -1.0 1.0 1.0
6.0 0.0 8.0 0.0 -0.0 -1.0 0.0 0.0
9.0 2.0 8.0 0.0 -0.0 -1.0 1.0 1.0
9.0 0.0 8.0 0.0 -0.0 -1.0 1.0 0.0
9.0 0.0 8.0 1.0 0.0 -0.0 0.0 0.0
9.0 2.0 8.0 1.0 0.0 -0.0 0.0 1.0
9.0 2.0 8.2 1.0 0.0 -0.0 1.0 1.0
9.0 0.0 8.0 1.0 0.0 0.0 0.0 0.0
9.0 2.0 8.2 1.0 0.0 0.0 1.0 1.0
9.0 0.0 8.2 1.0 0.0 0.0 1.0 0.0
9.0 0.0 8.2 0.0 0.0 1.0 0.0 0.0
9.0 2.0 8.2 0.0 0.0 1.0 0.0 1.0
6.0 2.0 8.2 0.0 0.0 1.0 1.0 1.0
9.0 0.0 8.2 0.0 0.0 1.0 0.0 0.0
6.0 2.0 8.2 0.0 0.0 1.0 1.0 1.0
6.0 0.0 8.2 0.0 0.0 1.0 1.0 0.0
6.0 0.0 8.2 -1.0 -0.0 -0.0 0.0 0.0
6.0 2.0 8.2 -1.0 -0.0 -0.0 0.0 1.0
6.0 2.0 8.0 -1.0 -0.0 -0.0 1.0 1.0
6.0 0.0 8.2 -1.0 0.0 0.0 0.0 0.0
6.0 2.0 8.0 -1.0 0.0 0.0 1.0 1.0
6.0 0.0 8.0 -1.0 0.0 0.0 1.0 0.0
6.0 2.0 8.0 -0.0 1.0 0.0 0.0 0.0
6.0 2.0 8.2 -0.0 1.0 0.0 0.0 1.0
9.0 2.0 8.2 -0.0 1.0 0.0 1.0 1.0
6.0 2.0 8.0 0.0 -1.0 0.0 0.0 0.0
9.0 2.0 8.0 0.0 -1.0 0.0 1.0 1.0
9.0 2.0 8.2 0.0 -1.0 0.0 1.0 0.0
6.0 0.0 8.0 -0.0 1.0 0.0 0.0 0.0
6.0 0.0 8.2 -0.0 1.0 0.0 0.0 1.0
9.0 0.0 8.2 -0.0 1.0 0.0 1.0 1.0
6.0 0.0 8.0 0.0 -1.0 0.0 0.0 0.0
9.0 0.0 8.0 0.0 -1.0 0.0 1.0 1.0
9.0 0.0 8.2 0.0 -1.0 0.0 1.0 0.0
8.8 0.0 8.2 0.0 0.0 -1.0 0.0 0.0
8.8 2.0 8.2 0.0 0.0 -1.0 0.0 1.0
9.0 2.0 8.2 0.0 0.0 -1.0 1.0 1.0
8.8 0.0 8.2 0.0 -0.0 -1.0 0.0 0.0
9.0 2.0 8.2 0.0 -0.0 -1.0 1.0 1.0
9.0 0.0 8.2 0.0 -0.0 -1.0 1.0 0.0
9.0 0.0 8.2 1.0 0.0 -0.0 0.0 0.0
9.0 2.0 8.2 1.0 0.0 -0.0 0.0 1.0
9.0 2.0 11.799999 1.0 0.0 -0.0 1.0 1.0
9.0 0.0 8.2 1.0 0.0 0.0 0.0 0.0
9.0 2.0 11.799999 1.0 0.0 0.0 1.0 1.0
9.0 0.0 11.799999 1.0 0.0 0.0 1.0 0.0
9.0 0.0 11.799999 0.0 0.0 1.0 0.0 0.0
9.0 2.0 11.799999 0.0 0.0 1.0 0.0 1.0
8.8 2.0 11.799999 0.0 0.0 1.0 1.0 1.0
9.0 0.0 11.799999 0.0 0.0 1.0 0.0 0.0
8.8 2.0 11.799999 0.0 0.0 1.0 1.0 1.0
8.8 0.0 11.799999 0.0 0.0 1.0 1.0 0.0
8.8 0.0 11.799999 -1.0 -0.0 -0.0 0.0 0.0
8.8 2.0 11.799999 -1.0 -0.0 -0.0 0.0 1.0
8.8 2.0 8.2 -1.0 -0.0 -0.0 1.0 1.0
8.8 0.0 11.799999 -1.0 0.0 0.0 0.0 0.0
8.8 2.0 8.2 -1.0 0.0 0.0 1.0 1.0
8.8 0.0 8.2 -1.0 0.0 0.0 1.0 0.0
8.8 2.0 8.2 -0.0 0.99999994 0.0 0.0 0.0
8.8 2.0 11.799999 -0.0 0.99999994 0.0 0.0 1.0
9.0 2.0 11.799999 -0.0 0.99999994 0.0 1.0 1.0
8.8 2.0 8.2 0.0 -0.99999994 0.0 0.0 0.0
9.0 2.0 8.2 0.0 -0.99999994 0.0 1.0 1.0
9.0 2.0 11.799999 0.0 -0.99999994 0.0 1.0 0.0
8.8 0.0 8.2 -0.0 0.99999994 0.0 0.0 0.0
8.8 0.0 11.799999 -0.0 0.99999994 0.0 0.0 1.0
9.0 0.0 11.799999 -0.0 0.99999994 0.0 1.0 1.0
8.8 0.0 8.2 0.0 -0.99999994 0.0 0.0 0.0
9.0 0.0 8.2 0.0 -0.99999994 0.0 1.0 1.0
9.0 0.0 11.799999 0.0 -0.99999994 0.0 1.0 0.0
6.0 0.0 11.8 0.0 0.0 -1.0 0.0 0.0
6.0 2.0 11.8 0.0 0.0 -1.0 0.0 1.0
9.0 2.0 11.8 0.0 0.0 -1.0 1.0 1.0
6.0 0.0 11.8 0.0 -0.0 -1.0 0.0 0.0
9.0 2.0 11.8 0.0 -0.0 -1.0 1.0 1.0
9.0 0.0 11.8 0.0 -0.0 -1.0 1.0 0.0
9.0 0.0 11.8 1.0 0.0 -0.0 0.0 0.0
9.0 2.0 11.8 1.0 0.0 -0.0 0.0 1.0
9.0 2.0 12.0 1.0 0.0 -0.0 1.0 1.0
9.0 0.0 11.8 1.0 0.0 0.0 0.0 0.0
9.0 2.0 12.0 1.0 0.0 0.0 1.0 1.0
9.0 0.0 12.0 1.0 0.0 0.0 1.0 0.0
9.0 0.0 12.0 0.0 0.0 1.0 0.0 0.0
9.0 2.0 12.0 0.0 0.0 1.0 0.0 1.0
6.0 2.0 12.0 0.0 0.0 1.0 1.0 1.0
9.0 0.0 12.0 0.0 0.0 1.0 0.0 0.0
6.0 2.0 12.0 0.0 0.0 1.0 1.0 1.0
6.0 0.0 12.0 0.0 0.0 1.0 1.0 0.0
6.0 0.0 12.0 -1.0 -0.0 -0.0 0.0 0.0
6.0 2.0 12.0 -1.0 -0.0 -0.0 0.0 1.0
6.0 2.0 11.8 -1.0 -0.0 -0.0 1.0 1.0
6.0 0.0 12.0 -1.0 0.0 0.0 0.0 0.0
6.0 2.0 11.8 -1.0 0.0 0.0 1.0 1.0
6.0 0.0 11.8 -1.0 0.0 0.0 1.0 0.0
6.0 2.0 11.8 -0.0 1.0 0.0 0.0 0.0
6.0 2.0 12.0 -0.0 1.0 0.0 0.0 1.0
9.0 2.0 12.0 -0.0 1.0 0.0 1.0 1.0
6.0 2.0 11.8 0.0 -1.0 0.0 0.0 0.0
9.0 2.0 11.8 0.0 -1.0 0.0 1.0 1.0
9.0 2.0 12.0 0.0 -1.0 0.0 1.0 0.0
6.0 0.0 11.8 -0.0 1.0 0.0 0.0 0.0
6.0 0.0 12.0 -0.0 1.0 0.0 0.0 1.0
9.0 0.0 12.0 -0.0 1.0 0.0 1.0 1.0
6.0 0.0 11.8 0.0 -1.0 0.0 0.0 0.0
9.0 0.0 11.8 0.0 -1.0 0.0 1.0 1.0
9.0 0.0 12.0 0.0 -1.0 0.0 1.0 0.0
6.0 0.0 12.2 0.0 0.0 -1.0 0.0 0.0
6.0 2.0 12.2 0.0 0.0 -1.0 0.0 1.0
6.2 2.0 12.2 0.0 0.0 -1.0 1.0 1.0
6.0 0.0 12.2 0.0 -0.0 -1.0 0.0 0.0
6.2 2.0 12.2 0.0 -0.0 -1.0 1.0 1.0
6.2 0.0 12.2 0.0 -0.0 -1.0 1.0 0.0
6.2 0.0 12.2 1.0 0.0 -0.0 0.0 0.0
6.2 2.0 12.2 1.0 0.0 -0.0 0.0 1.0
6.2 2.0 13.2 1.0 0.0 -0.0 1.0 1.0
6.2 0.0 12.2 1.0 0.0 0.0 0.0 0.0
6.2 2.0 13.2 1.0 0.0 0.0 1.0 1.0
6.2 0.0 13.2 1.0 0.0 0.0 1.0 0.0
6.2 0.0 13.2 0.0 0.0 1.0 0.0 0.0
6.2 2.0 13.2 0.0 0.0 1.0 0.0 1.0
6.0 2.0 13.2 0.0 0.0 1.0 1.0 1.0
6.2 0.0 13.2 0.0 0.0 1.0 0.0 0.0
6.0 2.0 13.2 0.0 0.0 1.0 1.0 1.0
6.0 0.0 13.2 0.0 0.0 1.0 1.0 0.0
6.0 0.0 13.2 -1.0 -0.0 -0.0 0.0 0.0
6.0 2.0 13.2 -1.0 -0.0 -0.0 0.0 1.0
6.0 2.0 12.2 -1.0 -0.0 -0.0 1.0 1.0
6.0 0.0 13.2 -1.0 0.0 0.0 0.0 0.0
6.0 2.0 12.2 -1.0 0.0 0.0 1.0 1.0
6.0 0.0 12.2 -1.0 0.0 0.0 1.0 0.0
6.0 2.0 12.2 -0.0 1.0 0.0 0.0 0.0
6.0 2.0 13.2 -0.0 1.0 0.0 0.0 1.0
6.2 2.0 13.2 -0.0 1.0 0.0 1.0 1.0
6.0 2.0 12.2 0.0 -1.0 0.0 0.0 0.0
6.2 2.0 12.2 0.0 -1.0 0.0 1.0 1.0
6.2 2.0 13.2 0.0 -1.0 0.0 1.0 0.0
6.0 0.0 12.2 -0.0 1.0 0.0 0.0 0.0
6.0 0.0 13.2 -0.0 1.0 0.0 0.0 1.0
6.2 0.0 13.2 -0.0 1.0 0.0 1.0 1.0
6.0 0.0 12.2 0.0 -1.0 0.0 0.0 0.0
6.2 0.0 12.2 0.0 -1.0 0.0 1.0 1.0
6.2 0.0 13.2 0.0 -1.0 0.0 1.0 0.0
6.0 1.0 13.2 0.0 0.0 -1.0 0.0 0.0
6.0 2.0 13.2 0.0 0.0 -1.0 0.0 1.0
6.2 2.0 13.2 0.0 0.0 -1.0 1.0 1.0
6.0 1.0 13.2 0.0 -0.0 -1.0 0.0 0.0
6.2 2.0 13.2 0.0 -0.0 -1.0 1.0 1.0
6.2 1.0 13.2 0.0 -0.0 -1.0 1.0 0.0
6.2 1.0 13.2 1.0 0.0 -0.0 0.0 0.0
6.2 2.0 13.2 1.0 0.0 -0.0 0.0 1.0
6.2 2.0 13.7 1.0 0.0 -0.0 1.0 1.0
6.2 1.0 13.2 1.0 0.0 0.0 0.0 0.0
6.2 2.0 13.7 1.0 0.0 0.0 1.0 1.0
6.2 1.0 13.7 1.0 0.0 0.0 1.0 0.0
6.2 1.0 13.7 0.0 0.0 1.0 0.0 0.0
6.2 2.0 13.7 0.0 0.0 1.0 0.0 1.0
6.0 2.0 13.7 0.0 0.0 1.0 1.0 1.0
6.2 1.0 13.7 0.0 0.0 1.0 0.0 0.0
6.0 2.0 13.7 0.0 0.0 1.0 1.0 1.0
6.0 1.0 13.7 0.0 0.0 1.0 1.0 0.0
6.0 1.0 13.7 -1.0 -0.0 -0.0 0.0 0.0
6.0 2.0 13.7 -1.0 -0.0 -0.0 0.0 1.0
6.0 2.0 13.2 -1.0 -0.0 -0.0 1.0 1.0
6.0 1.0 13.7 -1.0 0.0 0.0 0.0 0.0
6.0 2.0 13.2 -1.0 0.0 0.0 1.0 1.0
6.0 1.0 13.2 -1.0 0.0 0.0 1.0 0.0
6.0 2.0 13.2 -0.0 1.0 0.0 0.0 0.0
6.0 2.0 13.7 -0.0 1.0 0.0 0.0 1.0
6.2 2.0 13.7 -0.0 1.0 0.0 1.0 1.0
6.0 2.0 13.2 0.0 -1.0 0.0 0.0 0.0
6.2 2.0 13.2 0.0 -1.0 0.0 1.0 1.0
6.2 2.0 13.7 0.0 -1.0 0.0 1.0 0.0
6.0 1.0 13.2 -0.0 1.0 0.0 0.0 0.0
6.0 1.0 13.7 -0.0 1.0 0.0 0.0 1.0
6.2 1.0 13.7 -0.0 1.0 0.0 1.0 1.0
6.0 1.0 13.2 0.0 -1.0 0.0 0.0 0.0
6.2 1.0 13.2 0.0 -1.0 0.0 1.0 1.0
6.2 1.0 13.7 0.0 -1.0 0.0 1.0 0.0
6.0 0.0 13.7 0.0 0.0 -1.0 0.0 0.0
6.0 2.0 13.7 0.0 0.0 -1.0 0.0 1.0
6.2 2.0 13.7 0.0 0.0 -1.0 1.0 1.0
6.0 0.0 13.7 0.0 -0.0 -1.0 0.0 0.0
6.2 2.0 13.7 0.0 -0.0 -1.0 1.0 1.0
6.2 0.0 13.7 0.0 -0.0 -1.0 1.0 0.0
6.2 0.0 13.7 1.0 0.0 -0.0 0.0 0.0
6.2 2.0 13.7 1.0 0.0 -0.0 0.0 1.0
6.2 2.0 15.799999 1.0 0.0 -0.0 1.0 1.0
6.2 0.0 13.7 1.0 0.0 0.0 0.0 0.0
6.2 2.0 15.799999 1.0 0.0 0.0 1.0 1.0
6.2 0.0 15.799999 1.0 0.0 0.0 1.0 0.0
6.2 0.0 15.799999 0.0 0.0 1.0 0.0 0.0
6.2 2.0 15.799999 0.0 0.0 1.0 0.0 1.0
6.0 2.0 15.799999 0.0 0.0 1.0 1.0 1.0
6.2 0.0 15.799999 0.0 0.0 1.0 0.0 0.0
6.0 2.0 15.799999 0.0 0.0 1.0 1.0 1.0
6.0 0.0 15.799999 0.0 0.0 1.0 1.0 0.0
6.0 0.0 15.799999 -1.0 -0.0 -0.0 0.0 0.0
6.0 2.0 15.799999 -1.0 -0.0 -0.0 0.0 1.0
6.0 2.0 13.7 -1.0 -0.0 -0.0 1.0 1.0
6.0 0.0 15.799999 -1.0 0.0 0.0 0.0 0.0
6.0 2.0 13.7 -1.0 0.0 0.0 1.0 1.0
6.0 0.0 13.7 -1.0 0.0 0.0 1.0 0.0
6.0 2.0 13.7 -0.0 0.99999994 0.0 0.0 0.0
6.0 2.0 15.799999 -0.0 0.99999994 0.0 0.0 1.0
6.2 2.0 15.799999 -0.0 0.99999994 0.0 1.0 1.0
6.0 2.0 13.7 0.0 -0.99999994 0.0 0.0 0.0
6.2 2.0 13.7 0.0 -0.99999994 0.0 1.0 1.0
6.2 2.0 15.799999 0.0 -0.99999994 0.0 1.0 0.0
6.0 0.0 13.7 -0.0 0.99999994 0.0 0.0 0.0
6.0 0.0 15.799999 -0.0 0.99999994 0.0 0.0 1.0
6.2 0.0 15.799999 -0.0 0.99999994 0.0 1.0 1.0
6.0 0.0 13.7 0.0 -0.99999994 0.0 0.0 0.0
6.2 0.0 13.7 0.0 -0.99999994 0.0 1.0 1.0
6.2 0.0 15.799999 0.0 -0.99999994 0.0 1.0 0.0
6.0 0.0 12.0 0.0 0.0 -1.0 0.0 0.0
6.0 2.0 12.0 0.0 0.0 -1.0 0.0 1.0
9.0 2.0 12.0 0.0 0.0 -1.0 1.0 1.0
6.0 0.0 12.0 0.0 -0.0 -1.0 0.0 0.0
9.0 2.0 12.0 0.0 -0.0 -1.0 1.0 1.0
9.0 0.0 12.0 0.0 -0.0 -1.0 1.0 0.0
9.0 0.0 12.0 1.0 0.0 -0.0 0.0 0.0
9.0 2.0 12.0 1.0 0.0 -0.0 0.0 1.0
9.0 2.0 12.2 1.0 0.0 -0.0 1.0 1.0
9.0 0.0 12.0 1.0 0.0 0.0 0.0 0.0
9.0 2.0 12.2 1.0 0.0 0.0 1.0 1.0
9.0 0.0 12.2 1.0 0.0 0.0 1.0 0.0
9.0 0.0 12.2 0.0 0.0 1.0 0.0 0.0
9.0 2.0 12.2 0.0 0.0 1.0 0.0 1.0
6.0 2.0 12.2 0.0 0.0 1.0 1.0 1.0
9.0 0.0 12.2 0.0 0.0 1.0 0.0 0.0
6.0 2.0 12.2 0.0 0.0 1.0 1.0 1.0
6.0 0.0 12.2 0.0 0.0 1.0 1.0 0.0
6.0 0.0 12.2 -1.0 -0.0 -0.0 0.0 0.0
6.0 2.0 12.2 -1.0 -0.0 -0.0 0.0 1.0
6.0 2.0 12.0 -1.0 -0.0 -0.0 1.0 1.0
6.0 0.0 12.2 -1.0 0.0 0.0 0.0 0.0
6.0 2.0 12.0 -1.0 0.0 0.0 1.0 1.0
6.0 0.0 12.0 -1.0 0.0 0.0 1.0 0.0
6.0 2.0 12.0 -0.0 1.0 0.0 0.0 0.0
6.0 2.0 12.2 -0.0 1.0 0.0 0.0 1.0
9.0 2.0 12.2 -0.0 1.0 0.0 1.0 1.0
6.0 2.0 12.0 0.0 -1.0 0.0 0.0 0.0
9.0 2.0 12.0 0.0 -1.0 0.0 1.0 1.0
9.0 2.0 12.2 0.0 -1.0 0.0 1.0 0.0
6.0 0.0 12.0 -0.0 1.0 0.0 0.0 0.0
6.0 0.0 12.2 -0.0 1.0 0.0 0.0 1.0
9.0 0.0 12.2 -0.0 1.0 0.0 1.0 1.0
6.0 0.0 12.0 0.0 -1.0 0.0 0.0 0.0
9.0 0.0 12.0 0.0 -1.0 0.0 1.0 1.0
9.0 0.0 12.2 0.0 -1.0 0.0 1.0 0.0
8.8 0.0 12.2 0.0 0.0 -1.0 0.0 0.0
8.8 2.0 12.2 0.0 0.0 -1.0 0.0 1.0
9.0 2.0 12.2 0.0 0.0 -1.0 1.0 1.0
8.8 0.0 12.2 0.0 -0.0 -1.0 0.0 0.0
9.0 2.0 12.2 0.0 -0.0 -1.0 1.0 1.0
9.0 0.0 12.2 0.0 -0.0 -1.0 1.0 0.0
9.0 0.0 12.2 1.0 0.0 -0.0 0.0 0.0
9.0 2.0 12.2 1.0 0.0 -0.0 0.0 1.0
9.0 2.0 15.799999 1.0 0.0 -0.0 1.0 1.0
9.0 0.0 12.2 1.0 0.0 0.0 0.0 0.0
9.0 2.0 15.799999 1.0 0.0 0.0 1.0 1.0
9.0 0.0 15.799999 1.0 0.0 0.0 1.0 0.0
9.0 0.0 15.799999 0.0 0.0 1.0 0.0 0.0
9.0 2.0 15.799999 0.0 0.0 1.0 0.0 1.0
8.8 2.0 15.799999 0.0 0.0 1.0 1.0 1.0
9.0 0.0 15.799999 0.0 0.0 1.0 0.0 0.0
8.8 2.0 15.799999 0.0 0.0 1.0 1.0 1.0
8.8 0.0 15.799999 0.0 0.0 1.0 1.0 0.0
8.8 0.0 15.799999 -1.0 -0.0 -0.0 0.0 0.0
8.8 2.0 15.799999 -1.0 -0.0 -0.0 0.0 1.0
8.8 2.0 12.2 -1.0 -0.0 -0.0 1.0 1.0
8.8 0.0 15.799999 -1.0 0.0 0.0 0.0 0.0
8.8 2.0 12.2 -1.0 0.0 0.0 1.0 1.0
8.8 0.0 12.2 -1.0 0.0 0.0 1.0 0.0
8.8 2.0 12.2 -0.0 0.99999994 0.0 0.0 0.0
8.8 2.0 15.799999 -0.0 0.99999994 0.0 0.0 1.0
9.0 2.0 15.799999 -0.0 0.99999994 0.0 1.0 1.0
8.8 2.0 12.2 0.0 -0.99999994 0.0 0.0 0.0
9.0 2.0 12.2 0.0 -0.99999994 0.0 1.0 1.0
9.0 2.0 15.799999 0.0 -0.99999994 0.0 1.0 0.0
8.8 0.0 12.2 -0.0 0.99999994 0.0 0.0 0.0
8.8 0.0 15.799999 -0.0 0.99999994 0.0 0.0 1.0
9.0 0.0 15.799999 -0.0 0.99999994 0.0 1.0 1.0
8.8 0.0 12.2 0.0 -0.99999994 0.0 0.0 0.0
9.0 0.0 12.2 0.0 -0.99999994 0.0 1.0 1.0
9.0 0.0 15.799999 0.0 -0.99999994 0.0 1.0 0.0
6.0 0.0 15.8 0.0 0.0 -1.0 0.0 0.0
6.0 2.0 15.8 0.0 0.0 -1.0 0.0 1.0
9.0 2.0 15.8 0.0 0.0 -1.0 1.0 1.0
6.0 0.0 15.8 0.0 -0.0 -1.0 0.0 0.0
9.0 2.0 15.8 0.0 -0.0 -1.0 1.0 1.0
9.0 0.0 15.8 0.0 -0.0 -1.0 1.0 0.0
9.0 0.0 15.8 1.0 0.0 -0.0 0.0 0.0
9.0 2.0 15.8 1.0 0.0 -0.0 0.0 1.0
9.0 2.0 16.0 1.0 0.0 -0.0 1.0 1.0
9.0 0.0 15.8 1.0 0.0 0.0 0.0 0.0
9.0 2.0 16.0 1.0 0.0 0.0 1.0 1.0
9.0 0.0 16.0 1.0 0.0 0.0 1.0 0.0
9.0 0.0 16.0 0.0 0.0 1.0 0.0 0.0
9.0 2.0 16.0 0.0 0.0 1.0 0.0 1.0
6.0 2.0 16.0 0.0 0.0 1.0 1.0 1.0
9.0 0.0 16.0 0.0 0.0 1.0 0.0 0.0
6.0 2.0 16.0 0.0 0.0 1.0 1.0 1.0
6.0 0.0 16.0 0.0 0.0 1.0 1.0 0.0
6.0 0.0 16.0 -1.0 -0.0 -0.0 0.0 0.0
6.0 2.0 16.0 -1.0 -0.0 -0.0 0.0 1.0
6.0 2.0 15.8 -1.0 -0.0 -0.0 1.0 1.0
6.0 0.0 16.0 -1.0 0.0 0.0 0.0 0.0
6.0 2.0 15.8 -1.0 0.0 0.0 1.0 1.0
6.0 0.0 15.8 -1.0 0.0 0.0 1.0 0.0
6.0 2.0 15.8 -0.0 1.0 0.0 0.0 0.0
6.0 2.0 16.0 -0.0 1.0 0.0 0.0 1.0
9.0 2.0 16.0 -0.0 1.0 0.0 1.0 1.0
6.0 2.0 15.8 0.0 -1.0 0.0 0.0 0.0
9.0 2.0 15.8 0.0 -1.0 0.0 1.0 1.0
9.0 2.0 16.0 0.0 -1.0 0.0 1.0 0.0
6.0 0.0 15.8 -0.0 1.0 0.0 0.0 0.0
6.0 0.0 16.0 -0.0 1.0 0.0 0.0 1.0
9.0 0.0 16.0 -0.0 1.0 0.0 1.0 1.0
6.0 0.0 15.8 0.0 -1.0 0.0 0.0 0.0
9.0 0.0 15.8 0.0 -1.0 0.0 1.0 1.0
9.0 0.0 16.0 0.0 -1.0 0.0 1.0 0.0
6.0 0.0 16.2 0.0 0.0 -1.0 0.0 0.0
6.0 2.0 16.2 0.0 0.0 -1.0 0.0 1.0
6.2 2.0 16.2 0.0 0.0 -1.0 1.0 1.0
6.0 0.0 16.2 0.0 -0.0 -1.0 0.0 0.0
6.2 2.0 16.2 0.0 -0.0 -1.0 1.0 1.0
6.2 0.0 16.2 0.0 -0.0 -1.0 1.0 0.0
6.2 0.0 16.2 1.0 0.0 -0.0 0.0 0.0
6.2 2.0 16.2 1.0 0.0 -0.0 0.0 1.0
6.2 2.0 17.2 1.0 0.0 -0.0 1.0 1.0
6.2 0.0 16.2 1.0 0.0 0.0 0.0 0.0
6.2 2.0 17.2 1.0 0.0 0.0 1.0 1.0
6.2 0.0 17.2 1.0 0.0 0.0 1.0 0.0
6.2 0.0 17.2 0.0 0.0 1.0 0.0 0.0
6.2 2.0 17.2 0.0 0.0 1.0 0.0 1.0
6.0 2.0 17.2 0.0 0.0 1.0 1.0 1.0
6.2 0.0 17.2 0.0 0.0 1.0 0.0 0.0
6.0 2.0 17.2 0.0 0.0 1.0 1.0 1.0
6.0 0.0 17.2 0.0 0.0 1.0 1.0 0.0
6.0 0.0 17.2 -1.0 -0.0 -0.0 0.0 0.0
6.0 2.0 17.2 -1.0 -0.0 -0.0 0.0 1.0
6.0 2.0 16.2 -1.0 -0.0 -0.0 1.0 1.0
6.0 0.0 17.2 -1.0 0.0 0.0 0.0 0.0
6.0 2.0 16.2 -1.0 0.0 0.0 1.0 1.0
6.0 0.0 16.2 -1.0 0.0 0.0 1.0 0.0
6.0 2.0 16.2 -0.0 1.0 0.0 0.0 0.0
6.0 2.0 17.2 -0.0 1.0 0.0 0.0 1.0
6.2 2.0 17.2 -0.0 1.0 0.0 1.0 1.0
6.0 2.0 16.2 0.0 -1.0 0.0 0.0 0.0
6.2 2.0 16.2 0.0 -1.0 0.0 1.0 1.0
6.2 2.0 17.2 0.0 -1.0 0.0 1.0 0.0
6.0 0.0 16.2 -0.0 1.0 0.0 0.0 0.0
6.0 0.0 17.2 -0.0 1.0 0.0 0.0 1.0
6.2 0.0 17.2 -0.0 1.0 0.0 1.0 1.0
6.0 0.0 16.2 0.0 -1.0 0.0 0.0 0.0
6.2 0.0 16.2 0.0 -1.0 0.0 1.0 1.0
6.2 0.0 17.2 0.0 -1.0 0.0 1.0 0.0
6.0 1.0 17.2 0.0 0.0 -1.0 0.0 0.0
6.0 2.0 17.2 0.0 0.0 -1.0 0.0 1.0
6.2 2.0 17.2 0.0 0.0 -1.0 1.0 1.0
6.0 1.0 17.2 0.0 -0.0 -1.0 0.0 0.0
6.2 2.0 17.2 0.0 -0.0 -1.0 1.0 1.0
6.2 1.0 17.2 0.0 -0.0 -1.0 1.0 0.0
6.2 1.0 17.2 1.0 0.0 -0.0 0.0 0.0
6.2 2.0 17.2 1.0 0.0 -0.0 0.0 1.0
6.2 2.0 17.7 1.0 0.0 -0.0 1.0 1.0
6.2 1.0 17.2 1.0 0.0 0.0 0.0 0.0
6.2 2.0 17.7 1.0 0.0 0.0 1.0 1.0
6.2 1.0 17.7 1.0 0.0 0.0 1.0 0.0
6.2 1.0 17.7 0.0 0.0 1.0 0.0 0.0
6.2 2.0 17.7 0.0 0.0 1.0 0.0 1.0
6.0 2.0 17.7 0.0 0.0 1.0 1.0 1.0
6.2 1.0 17.7 0.0 0.0 1.0 0.0 0.0
6.0 2.0 17.7 0.0 0.0 1.0 1.0 1.0
6.0 1.0 17.7 0.0 0.0 1.0 1.0 0.0
6.0 1.0 17.7 -1.0 -0.0 -0.0 0.0 0.0
6.0 2.0 17.7 -1.0 -0.0 -0.0 0.0 1.0
6.0 2.0 17.2 -1.0 -0.0 -0.0 1.0 1.0
6.0 1.0 17.7 -1.0 0.0 0.0 0.0 0.0
6.0 2.0 17.2 -1.0 0.0 0.0 1.0 1.0
6.0 1.0 17.2 -1.0 0.0 0.0 1.0 0.0
6.0 2.0 17.2 -0.0 1.0 0.0 0.0 0.0
6.0 2.0 17.7 -0.0 1.0 0.0 0.0 1.0
6.2 2.0 17.7 -0.0 1.0 0.0 1.0 1.0
6.0 2.0 17.2 0.0 -1.0 0.0 0.0 0.0
6.2 2.0 17.2 0.0 -1.0 0.0 1.0 1.0
6.2 2.0 17.7 0.0 -1.0 0.0 1.0 0.0
6.0 1.0 17.2 -0.0 1.0 0.0 0.0 0.0
6.0 1.0 17.7 -0.0 1.0 0.0 0.0 1.0
6.2 1.0 17.7 -0.0 1.0 0.0 1.0 1.0
6.0 1.0 17.2 0.0 -1.0 0.0 0.0 0.0
6.2 1.0 17.2 0.0 -1.0 0.0 1.0 1.0
6.2 1.0 17.7 0.0 -1.0 0.0 1.0 0.0
6.0 0.0 17.7 0.0 0.0 -1.0 0.0 0.0
6.0 2.0 17.7 0.0 0.0 -1.0 0.0 1.0
6.2 2.0 17.7 0.0 0.0 -1.0 1.0 1.0
6.0 0.0 17.7 0.0 -0.0 -1.0 0.0 0.0
6.2 2.0 17.7 0.0 -0.0 -1.0 1.0 1.0
6.2 0.0 17.7 0.0 -0.0 -1.0 1.0 0.0
6.2 0.0 17.7 1.0 0.0 -0.0 0.0 0.0
6.2 2.0 17.7 1.0 0.0 -0.0 0.0 1.0
6.2 2.0 19.800001 1.0 0.0 -0.0 1.0 1.0
6.2 0.0 17.7 1.0 0.0 0.0 0.0 0.0
6.2 2.0 19.800001 1.0 0.0 0.0 1.0 1.0
6.2 0.0 19.800001 1.0 0.0 0.0 1.0 0.0
6.2 0.0 19.800001 0.0 0.0 1.0 0.0 0.0
6.2 2.0 19.800001 0.0 0.0 1.0 0.0 1.0
6.0 2.0 19.800001 0.0 0.0 1.0 1.0 1.0
6.2 0.0 19.800001 0.0 0.0 1.0 0.0 0.0
6.0 2.0 19.800001 0.0 0.0 1.0 1.0 1.0
6.0 0.0 19.800001 0.0 0.0 1.0 1.0 0.0
6.0 0.0 19.800001 -1.0 -0.0 -0.0 0.0 0.0
6.0 2.0 19.800001 -1.0 -0.0 -0.0 0.0 1.0
6.0 2.0 17.7 -1.0 -0.0 -0.0 1.0 1.0
6.0 0.0 19.800001 -1.0 0.0 0.0 0.0 0.0
6.0 2.0 17.7 -1.0 0.0 0.0 1.0 1.0
6.0 0.0 17.7 -1.0 0.0 0.0 1.0 0.0
6.0 2.0 17.7 -0.0 0.99999994 0.0 0.0 0.0
6.0 2.0 19.800001 -0.0 0.99999994 0.0 0.0 1.0
6.2 2.0 19.800001 -0.0 0.99999994 0.0 1.0 1.0
6.0 2.0 17.7 0.0 -0.99999994 0.0 0.0 0.0
6.2 2.0 17.7 0.0 -0.99999994 0.0 1.0 1.0
6.2 2.0 19.800001 0.0 -0.99999994 0.0 1.0 0.0
6.0 0.0 17.7 -0.0 0.99999994 0.0 0.0 0.0
6.0 0.0 19.800001 -0.0 0.99999994 0.0 0.0 1.0
6.2 0.0 19.800001 -0.0 0.99999994 0.0 1.0 1.0
6.0 0.0 17.7 0.0 -0.99999994 0.0 0.0 0.0
6.2 0.0 17.7 0.0 -0.99999994 0.0 1.0 1.0
6.2 0.0 19.800001 0.0 -0.99999994 0.0 1.0 0.0
6.0 0.0 16.0 0.0 0.0 -1.0 0.0 0.0
6.0 2.0 16.0 0.0 0.0 -1.0 0.0 1.0
9.0 2.0 16.0 0.0 0.0 -1.0 1.0 1.0
6.0 0.0 16.0 0.0 -0.0 -1.0 0.0 0.0
9.0 2.0 16.0 0.0 -0.0 -1.0 1.0 1.0
9.0 0.0 16.0 0.0 -0.0 -1.0 1.0 0.0
9.0 0.0 16.0 1.0 0.0 -0.0 0.0 0.0
9.0 2.0 16.0 1.0 0.0 -0.0 0.0 1.0
9.0 2.0 16.2 1.0 0.0 -0.0 1.0 1.0
9.0 0.0 16.0 1.0 0.0 0.0 0.0 0.0
9.0 2.0 16.2 1.0 0.0 0.0 1.0 1.0
9.0 0.0 16.2 1.0 0.0 0.0 1.0 0.0
9.0 0.0 16.2 0.0 0.0 1.0 0.0 0.0
9.0 2.0 16.2 0.0 0.0 1.0 0.0 1.0
6.0 2.0 16.2 0.0 0.0 1.0 1.0 1.0
9.0 0.0 16.2 0.0 0.0 1.0 0.0 0.0
6.0 2.0 16.2 0.0 0.0 1.0 1.0 1.0
6.0 0.0 16.2 0.0 0.0 1.0 1.0 0.0
6.0 0.0 16.2 -1.0 -0.0 -0.0 0.0 0.0
6.0 2.0 16.2 -1.0 -0.0 -0.0 0.0 1.0
6.0 2.0 16.0 -1.0 -0.0 -0.0 1.0 1.0
6.0 0.0 16.2 -1.0 0.0 0.0 0.0 0.0
6.0 2.0 16.0 -1.0 0.0 0.0 1.0 1.0
6.0 0.0 16.0 -1.0 0.0 0.0 1.0 0.0
6.0 2.0 16.0 -0.0 1.0 0.0 0.0 0.0
6.0 2.0 16.2 -0.0 1.0 0.0 0.0 1.0
9.0 2.0 16.2 -0.0 1.0 0.0 1.0 1.0
6.0 2.0 16.0 0.0 -1.0 0.0 0.0 0.0
9.0 2.0 16.0 0.0 -1.0 0.0 1.0 1.0
9.0 2.0 16.2 0.0 -1.0 0.0 1.0 0.0
6.0 0.0 16.0 -0.0 1.0 0.0 0.0 0.0
6.0 0.0 16.2 -0.0 1.0 0.0 0.0 1.0
9.0 0.0 16.2 -0.0 1.0 0.0 1.0 1.0
6.0 0.0 16.0 0.0 -1.0 0.0 0.0 0.0
9.0 0.0 16.0 0.0 -1.0 0.0 1.0 1.0
9.0 0.0 16.2 0.0 -1.0 0.0 1.0 0.0
8.8 0.0 16.2 0.0 0.0 -1.0 0.0 0.0
8.8 2.0 16.2 0.0 0.0 -1.0 0.0 1.0
9.0 2.0 16.2 0.0 0.0 -1.0 1.0 1.0
8.8 0.0 16.2 0.0 -0.0 -1.0 0.0 0.0
9.0 2.0 16.2 0.0 -0.0 -1.0 1.0 1.0
9.0 0.0 16.2 0.0 -0.0 -1.0 1.0 0.0
9.0 0.0 16.2 1.0 0.0 -0.0 0.0 0.0
9.0 2.0 16.2 1.0 0.0 -0.0 0.0 1.0
9.0 2.0 19.800001 1.0 0.0 -0.0 1.0 1.0
9.0 0.0 16.2 1.0 0.0 0.0 0.0 0.0
9.0 2.0 19.800001 1.0 0.0 0.0 1.0 1.0
9.0 0.0 19.800001 1.0 0.0 0.0 1.0 0.0
9.0 0.0 19.800001 0.0 0.0 1.0 0.0 0.0
9.0 2.0 19.800001 0.0 0.0 1.0 0.0 1.0
8.8 2.0 19.800001 0.0 0.0 1.0 1.0 1.0
9.0 0.0 19.800001 0.0 0.0 1.0 0.0 0.0
8.8 2.0 19.800001 0.0 0.0 1.0 1.0 1.0
8.8 0.0 19.800001 0.0 0.0 1.0 1.0 0.0
8.8 0.0 19.800001 -1.0 -0.0 -0.0 0.0 0.0
8.8 2.0 19.800001 -1.0 -0.0 -0.0 0.0 1.0
8.8 2.0 16.2 -1.0 -0.0 -0.0 1.0 1.0
8.8 0.0 19.800001 -1.0 0.0 0.0 0.0 0.0
8.8 2.0 16.2 -1.0 0.0 0.0 1.0 1.0
8.8 0.0 16.2 -1.0 0.0 0.0 1.0 0.0
8.8 2.0 16.2 -0.0 1.0 0.0 0.0 0.0
8.8 2.0 19.800001 -0.0 1.0 0.0 0.0 1.0
9.0 2.0 19.800001 -0.0 1.0 0.0 1.0 1.0
8.8 2.0 16.2 0.0 -1.0 0.0 0.0 0.0
9.0 2.0 16.2 0.0 -1.0 0.0 1.0 1.0
9.0 2.0 19.800001 0.0 -1.0 0.0 1.0 0.0
8.8 0.0 16.2 -0.0 1.0 0.0 0.0 0.0
8.8 0.0 19.800001 -0.0 1.0 0.0 0.0 1.0
9.0 0.0 19.800001 -0.0 1.0 0.0 1.0 1.0
8.8 0.0 16.2 0.0 -1.0 0.0 0.0 0.0
9.0 0.0 16.2 0.0 -1.0 0.0 1.0 1.0
9.0 0.0 19.800001 0.0 -1.0 0.0 1.0 0.0
6.0 0.0 19.8 0.0 0.0 -1.0 0.0 0.0
6.0 2.0 19.8 0.0 0.0 -1.0 0.0 1.0
9.0 2.0 19.8 0.0 0.0 -1.0 1.0 1.0
6.0 0.0 19.8 0.0 -0.0 -1.0 0.0 0.0
9.0 2.0 19.8 0.0 -0.0 -1.0 1.0 1.0
9.0 0.0 19.8 0.0 -0.0 -1.0 1.0 0.0
9.0 0.0 19.8 1.0 0.0 -0.0 0.0 0.0
9.0 2.0 19.8 1.0 0.0 -0.0 0.0 1.0
9.0 2.0 20.0 1.0 0.0 -0.0 1.0 1.0
9.0 0.0 19.8 1.0 0.0 0.0 0.0 0.0
9.0 2.0 20.0 1.0 0.0 0.0 1.0 1.0
9.0 0.0 20.0 1.0 0.0 0.0 1.0 0.0
9.0 0.0 20.0 0.0 0.0 1.0 0.0 0.0
9.0 2.0 20.0 0.0 0.0 1.0 0.0 1.0
6.0 2.0 20.0 0.0 0.0 1.0 1.0 1.0
9.0 0.0 20.0 0.0 0.0 1.0 0.0 0.0
6.0 2.0 20.0 0.0 0.0 1.0 1.0 1.0
6.0 0.0 20.0 0.0 0.0 1.0 1.0 0.0
6.0 0.0 20.0 -1.0 -0.0 -0.0 0.0 0.0
6.0 2.0 20.0 -1.0 -0.0 -0.0 0.0 1.0
6.0 2.0 19.8 -1.0 -0.0 -0.0 1.0 1.0
6.0 0.0 20.0 -1.0 0.0 0.0 0.0 0.0
6.0 2.0 19.8 -1.0 0.0 0.0 1.0 1.0
6.0 0.0 19.8 -1.0 0.0 0.0 1.0 0.0
6.0 2.0 19.8 -0.0 1.0 0.0 0.0 0.0
6.0 2.0 20.0 -0.0 1.0 0.0 0.0 1.0
9.0 2.0 20.0 -0.0 1.0 0.0 1.0 1.0
6.0 2.0 19.8 0.0 -1.0 0.0 0.0 0.0
9.0 2.0 19.8 0.0 -1.0 0.0 1.0 1.0
9.0 2.0 20.0 0.0 -1.0 0.0 1.0 0.0
6.0 0.0 19.8 -0.0 1.0 0.0 0.0 0.0
6.0 0.0 20.0 -0.0 1.0 0.0 0.0 1.0
9.0 0.0 20.0 -0.0 1.0 0.0 1.0 1.0
6.0 0.0 19.8 0.0 -1.0 0.0 0.0 0.0
9.0 0.0 19.8 0.0 -1.0 0.0 1.0 1.0
9.0 0.0 20.0 0.0 -1.0 0.0 1.0 0.0
12.0 0.0 8.2 0.0 0.0 -1.0 0.0 0.0
12.0 2.0 8.2 0.0 0.0 -1.0 0.0 1.0
12.2 2.0 8.2 0.0 0.0 -1.0 1.0 1.0
12.0 0.0 8.2 0.0 -0.0 -1.0 0.0 0.0
12.2 2.0 8.2 0.0 -0.0 -1.0 1.0 1.0
12.2 0.0 8.2 0.0 -0.0 -1.0 1.0 0.0
12.2 0.0 8.2 1.0 0.0 -0.0 0.0 0.0
12.2 2.0 8.2 1.0 0.0 -0.0 0.0 1.0
12.2 2.0 11.799999 1.0 0.0 -0.0 1.0 1.0
12.2 0.0 8.2 1.0 0.0 0.0 0.0 0.0
12.2 2.0 11.799999 1.0 0.0 0.0 1.0 1.0
12.2 0.0 11.799999 1.0 0.0 0.0 1.0 0.0
12.2 0.0 11.799999 0.0 0.0 1.0 0.0 0.0
12.2 2.0 11.799999 0.0 0.0 1.0 0.0 1.0
12.0 2.0 11.799999 0.0 0.0 1.0 1.0 1.0
12.2 0.0 11.799999 0.0 0.0 1.0 0.0 0.0
12.0 2.0 11.799999 0.0 0.0 1.0 1.0 1.0
12.0 0.0 11.799999 0.0 0.0 1.0 1.0 0.0
12.0 0.0 11.799999 -1.0 -0.0 -0.0 0.0 0.0
12.0 2.0 11.799999 -1.0 -0.0 -0.0 0.0 1.0
12.0 2.0 8.2 -1.0 -0.0 -0.0 1.0 1.0
12.0 0.0 11.799999 -1.0 0.0 0.0 0.0 0.0
12.0 2.0 8.2 -1.0 0.0 0.0 1.0 1.0
12.0 0.0 8.2 -1.0 0.0 0.0 1.0 0.0
12.0 2.0 8.2 -0.0 0.99999994 0.0 0.0 0.0
12.0 2.0 11.799999 -0.0 0.99999994 0.0 0.0 1.0
12.2 2.0 11.799999 -0.0 0.99999994 0.0 1.0 1.0
12.0 2.0 8.2 0.0 -0.99999994 0.0 0.0 0.0
12.2 2.0 8.2 0.0 -0.99999994 0.0 1.0 1.0
12.2 2.0 11.799999 0.0 -0.99999994 0.0 1.0 0.0
12.0 0.0 8.2 -0.0 0.99999994 0.0 0.0 0.0
12.0 0.0 11.799999 -0.0 0.99999994 0.0 0.0 1.0
12.2 0.0 11.799999 -0.0 0.99999994 0.0 1.0 1.0
12.0 0.0 8.2 0.0 -0.99999994 0.0 0.0 0.0
12.2 0.0 8.2 0.0 -0.99999994 0.0 1.0 1.0
12.2 0.0 11.799999 0.0 -0.99999994 0.0 1.0 0.0
12.0 0.0 8.0 0.0 0.0 -1.0 0.0 0.0
12.0 2.0 8.0 0.0 0.0 -1.0 0.0 1.0
15.0 2.0 8.0 0.0 0.0 -1.0 1.0 1.0
12.0 0.0 8.0 0.0 -0.0 -1.0 0.0 0.0
15.0 2.0 8.0 0.0 -0.0 -1.0 1.0 1.0
15.0 0.0 8.0 0.0 -0.0 -1.0 1.0 0.0
15.0 0.0 8.0 1.0 0.0 -0.0 0.0 0.0
15.0 2.0 8.0 1.0 0.0 -0.0 0.0 1.0
15.0 2.0 8.2 1.0 0.0 -0.0 1.0 1.0
15.0 0.0 8.0 1.0 0.0 0.0 0.0 0.0
15.0 2.0 8.2 1.0 0.0 0.0 1.0 1.0
15.0 0.0 8.2 1.0 0.0 0.0 1.0 0.0
15.0 0.0 8.2 0.0 0.0 1.0 0.0 0.0
15.0 2.0 8.2 0.0 0.0 1.0 0.0 1.0
12.0 2.0 8.2 0.0 0.0 1.0 1.0 1.0
15.0 0.0 8.2 0.0 0.0 1.0 0.0 0.0
12.0 2.0 8.2 0.0 0.0 1.0 1.0 1.0
12.0 0.0 8.2 0.0 0.0 1.0 1.0 0.0
12.0 0.0 8.2 -1.0 -0.0 -0.0 0.0 0.0
12.0 2.0 8.2 -1.0 -0.0 -0.0 0.0 1.0
12.0 2.0 8.0 -1.0 -0.0 -0.0 1.0 1.0
12.0 0.0 8.2 -1.0 0.0 0.0 0.0 0.0
12.0 2.0 8.0 -1.0 0.0 0.0 1.0 1.0
12.0 0.0 8.0 -1.0 0.0 0.0 1.0 0.0
12.0 2.0 8.0 -0.0 1.0 0.0 0.0 0.0
12.0 2.0 8.2 -0.0 1.0 0.0 0.0 1.0
15.0 2.0 8.2 -0.0 1.0 0.0 1.0 1.0
12.0 2.0 8.0 0.0 -1.0 0.0 0.0 0.0
15.0 2.0 8.0 0.0 -1.0 0.0 1.0 1.0
15.0 2.0 8.2 0.0 -1.0 0.0 1.0 0.0
12.0 0.0 8.0 -0.0 1.0 0.0 0.0 0.0
12.0 0.0 8.2 -0.0 1.0 0.0 0.0 1.0
15.0 0.0 8.2 -0.0 1.0 0.0 1.0 1.0
12.0 0.0 8.0 0.0 -1.0 0.0 0.0 0.0
15.0 0.0 8.0 0.0 -1.0 0.0 1.0 1.0
15.0 0.0 8.2 0.0 -1.0 0.0 1.0 0.0
14.8 0.0 8.2 0.0 0.0 -1.0 0.0 0.0
14.8 2.0 8.2 0.0 0.0 -1.0 0.0 1.0
15.0 2.0 8.2 0.0 0.0 -1.0 1.0 1.0
14.8 0.0 8.2 0.0 -0.0 -1.0 0.0 0.0
15.0 2.0 8.2 0.0 -0.0 -1.0 1.0 1.0
15.0 0.0 8.2 0.0 -0.0 -1.0 1.0 0.0
15.0 0.0 8.2 1.0 0.0 -0.0 0.0 0.0
15.0 2.0 8.2 1.0 0.0 -0.0 0.0 1.0
15.0 2.0 9.2 1.0 0.0 -0.0 1.0 1.0
15.0 0.0 8.2 1.0 0.0 0.0 0.0 0.0
15.0 2.0 9.2 1.0 0.0 0.0 1.0 1.0
15.0 0.0 9.2 1.0 0.0 0.0 1.0 0.0
15.0 0.0 9.2 0.0 0.0 1.0 0.0 0.0
15.0 2.0 9.2 0.0 0.0 1.0 0.0 1.0
14.8 2.0 9.2 0.0 0.0 1.0 1.0 1.0
15.0 0.0 9.2 0.0 0.0 1.0 0.0 0.0
14.8 2.0 9.2 0.0 0.0 1.0 1.0 1.0
14.8 0.0 9.2 0.0 0.0 1.0 1.0 0.0
14.8 0.0 9.2 -1.0 -0.0 -0.0 0.0 0.0
14.8 2.0 9.2 -1.0 -0.0 -0.0 0.0 1.0
14.8 2.0 8.2 -1.0 -0.0 -0.0 1.0 1.0
14.8 0.0 9.2 -1.0 0.0 0.0 0.0 0.0
14.8 2.0 8.2 -1.0 0.0 0.0 1.0 1.0
14.8 0.0 8.2 -1.0 0.0 0.0 1.0 0.0
14.8 2.0 8.2 -0.0 1.0 0.0 0.0 0.0
14.8 2.0 9.2 -0.0 1.0 0.0 0.0 1.0
15.0 2.0 9.2 -0.0 1.0 0.0 1.0 1.0
14.8 2.0 8.2 0.0 -1.0 0.0 0.0 0.0
15.0 2.0 8.2 0.0 -1.0 0.0 1.0 1.0
15.0 2.0 9.2 0.0 -1.0 0.0 1.0 0.0
14.8 0.0 8.2 -0.0 1.0 0.0 0.0 0.0
14.8 0.0 9.2 -0.0 1.0 0.0 0.0 1.0
15.0 0.0 9.2 -0.0 1.0 0.0 1.0 1.0
14.8 0.0 8.2 0.0 -1.0 0.0 0.0 0.0
15.0 0.0 8.2 0.0 -1.0 0.0 1.0 1.0
15.0 0.0 9.2 0.0 -1.0 0.0 1.0 0.0
14.8 1.0 9.2 0.0 0.0 -1.0 0.0 0.0
14.8 2.0 9.2 0.0 0.0 -1.0 0.0 1.0
15.0 2.0 9.2 0.0 0.0 -1.0 1.0 1.0
14.8 1.0 9.2 0.0 -0.0 -1.0 0.0 0.0
15.0 2.0 9.2 0.0 -0.0 -1.0 1.0 1.0
15.0 1.0 9.2 0.0 -0.0 -1.0 1.0 0.0
15.0 1.0 9.2 1.0 0.0 -0.0 0.0 0.0
15.0 2.0 9.2 1.0 0.0 -0.0 0.0 1.0
15.0 2.0 9.7 1.0 0.0 -0.0 1.0 1.0
15.0 1.0 9.2 1.0 0.0 0.0 0.0 0.0
15.0 2.0 9.7 1.0 0.0 0.0 1.0 1.0
15.0 1.0 9.7 1.0 0.0 0.0 1.0 0.0
15.0 1.0 9.7 0.0 0.0 1.0 0.0 0.0
15.0 2.0 9.7 0.0 0.0 1.0 0.0 1.0
14.8 2.0 9.7 0.0 0.0 1.0 1.0 1.0
15.0 1.0 9.7 0.0 0.0 1.0 0.0 0.0
14.8 2.0 9.7 0.0 0.0 1.0 1.0 1.0
14.8 1.0 9.7 0.0 0.0 1.0 1.0 0.0
14.8 1.0 9.7 -1.0 -0.0 -0.0 0.0 0.0
14.8 2.0 9.7 -1.0 -0.0 -0.0 0.0 1.0
14.8 2.0 9.2 -1.0 -0.0 -0.0 1.0 1.0
14.8 1.0 9.7 -1.0 0.0 0.0 0.0 0.0
14.8 2.0 9.2 -1.0 0.0 0.0 1.0 1.0
14.8 1.0 9.2 -1.0 0.0 0.0 1.0 0.0
14.8 2.0 9.2 -0.0 1.0 0.0 0.0 0.0
14.8 2.0 9.7 -0.0 1.0 0.0 0.0 1.0
15.0 2.0 9.7 -0.0 1.0 0.0 1.0 1.0
14.8 2.0 9.2 0.0 -1.0 0.0 0.0 0.0
15.0 2.0 9.2 0.0 -1.0 0.0 1.0 1.0
15.0 2.0 9.7 0.0 -1.0 0.0 1.0 0.0
14.8 1.0 9.2 -0.0 1.0 0.0 0.0 0.0
14.8 1.0 9.7 -0.0 1.0 0.0 0.0 1.0
15.0 1.0 9.7 -0.0 1.0 0.0 1.0 1.0
14.8 1.0 9.2 0.0 -1.0 0.0 0.0 0.0
15.0 1.0 9.2 0.0 -1.0 0.0 1.0 1.0
15.0 1.0 9.7 0.0 -1.0 0.0 1.0 0.0
14.8 0.0 9.7 0.0 0.0 -1.0 0.0 0.0
14.8 2.0 9.7 0.0 0.0 -1.0 0.0 1.0
15.0 2.0 9.7 0.0 0.0 -1.0 1.0 1.0
14.8 0.0 9.7 0.0 -0.0 -1.0 0.0 0.0
15.0 2.0 9.7 0.0 -0.0 -1.0 1.0 1.0
15.0 0.0 9.7 0.0 -0.0 -1.0 1.0 0.0
15.0 0.0 9.7 1.0 0.0 -0.0 0.0 0.0
15.0 2.0 9.7 1.0 0.0 -0.0 0.0 1.0
15.0 2.0 11.799999 1.0 0.0 -0.0 1.0 1.0
15.0 0.0 9.7 1.0 0.0 0.0 0.0 0.0
15.0 2.0 11.799999 1.0 0.0 0.0 1.0 1.0
15.0 0.0 11.799999 1.0 0.0 0.0 1.0 0.0
15.0 0.0 11.799999 0.0 0.0 1.0 0.0 0.0
15.0 2.0 11.799999 0.0 0.0 1.0 0.0 1.0
14.8 2.0 11.799999 0.0 0.0 1.0 1.0 1.0
15.0 0.0 11.799999 0.0 0.0 1.0 0.0 0.0
14.8 2.0 11.799999 0.0 0.0 1.0 1.0 1.0
14.8 0.0 11.799999 0.0 0.0 1.0 1.0 0.0
14.8 0.0 11.799999 -1.0 -0.0 -0.0 0.0 0.0
14.8 2.0 11.799999 -1.0 -0.0 -0.0 0.0 1.0
14.8 2.0 9.7 -1.0 -0.0 -0.0 1.0 1.0
14.8 0.0 11.799999 -1.0 0.0 0.0 0.0 0.0
14.8 2.0 9.7 -1.0 0.0 0.0 1.0 1.0
14.8 0.0 9.7 -1.0 0.0 0.0 1.0 0.0
14.8 2.0 9.7 -0.0 0.99999994 0.0 0.0 0.0
14.8 2.0 11.799999 -0.0 0.99999994 0.0 0.0 1.0
15.0 2.0 11.799999 -0.0 0.99999994 0.0 1.0 1.0
14.8 2.0 9.7 0.0 -0.99999994 0.0 0.0 0.0
15.0 2.0 9.7 0.0 -0.99999994 0.0 1.0 1.0
15.0 2.0 11.799999 0.0 -0.99999994 0.0 1.0 0.0
14.8 0.0 9.7 -0.0 0.99999994 0.0 0.0 0.0
14.8 0.0 11.799999 -0.0 0.99999994 0.0 0.0 1.0
15.0 0.0 11.799999 -0.0 0.99999994 0.0 1.0 1.0
14.8 0.0 9.7 0.0 -0.99999994 0.0 0.0 0.0
15.0 0.0 9.7 0.0 -0.99999994 0.0 1.0 1.0
15.0 0.0 11.799999 0.0 -0.99999994 0.0 1.0 0.0
12.0 0.0 11.8 0.0 0.0 -1.0 0.0 0.0
12.0 2.0 11.8 0.0 0.0 -1.0 0.0 1.0
15.0 2.0 11.8 0.0 0.0 -1.0 1.0 1.0
12.0 0.0 11.8 0.0 -0.0 -1.0 0.0 0.0
15.0 2.0 11.8 0.0 -0.0 -1.0 1.0 1.0
15.0 0.0 11.8 0.0 -0.0 -1.0 1.0 0.0
15.0 0.0 11.8 1.0 0.0 -0.0 0.0 0.0
15.0 2.0 11.8 1.0 0.0 -0.0 0.0 1.0
15.0 2.0 12.0 1.0 0.0 -0.0 1.0 1.0
15.0 0.0 11.8 1.0 0.0 0.0 0.0 0.0
15.0 2.0 12.0 1.0 0.0 0.0 1.0 1.0
15.0 0.0 12.0 1.0 0.0 0.0 1.0 0.0
15.0 0.0 12.0 0.0 0.0 1.0 0.0 0.0
15.0 2.0 12.0 0.0 0.0 1.0 0.0 1.0
12.0 2.0 12.0 0.0 0.0 1.0 1.0 1.0
15.0 0.0 12.0 0.0 0.0 1.0 0.0 0.0
12.0 2.0 12.0 0.0 0.0 1.0 1.0 1.0
12.0 0.0 12.0 0.0 0.0 1.0 1.0 0.0
12.0 0.0 12.0 -1.0 -0.0 -0.0 0.0 0.0
12.0 2.0 12.0 -1.0 -0.0 -0.0 0.0 1.0
12.0 2.0 11.8 -1.0 -0.0 -0.0 1.0 1.0
12.0 0.0 12.0 -1.0 0.0 0.0 0.0 0.0
12.0 2.0 11.8 -1.0 0.0 0.0 1.0 1.0
12.0 0.0 11.8 -1.0 0.0 0.0 1.0 0.0
12.0 2.0 11.8 -0.0 1.0 0.0 0.0 0.0
12.0 2.0 12.0 -0.0 1.0 0.0 0.0 1.0
15.0 2.0 12.0 -0.0 1.0 0.0 1.0 1.0
12.0 2.0 11.8 0.0 -1.0 0.0 0.0 0.0
15.0 2.0 11.8 0.0 -1.0 0.0 1.0 1.0
15.0 2.0 12.0 0.0 -1.0 0.0 1.0 0.0
12.0 0.0 11.8 -0.0 1.0 0.0 0.0 0.0
12.0 0.0 12.0 -0.0 1.0 0.0 0.0 1.0
15.0 0.0 12.0 -0.0 1.0 0.0 1.0 1.0
12.0 0.0 11.8 0.0 -1.0 0.0 0.0 0.0
15.0 0.0 11.8 0.0 -1.0 0.0 1.0 1.0
15.0 0.0 12.0 0.0 -1.0 0.0 1.0 0.0
12.0 0.0 12.2 0.0 0.0 -1.0 0.0 0.0
12.0 2.0 12.2 0.0 0.0 -1.0 0.0 1.0
12.2 2.0 12.2 0.0 0.0 -1.0 1.0 1.0
12.0 0.0 12.2 0.0 -0.0 -1.0 0.0 0.0
12.2 2.0 12.2 0.0 -0.0 -1.0 1.0 1.0
12.2 0.0 12.2 0.0 -0.0 -1.0 1.0 0.0
12.2 0.0 12.2 1.0 0.0 -0.0 0.0 0.0
12.2 2.0 12.2 1.0 0.0 -0.0 0.0 1.0
12.2 2.0 15.799999 1.0 0.0 -0.0 1.0 1.0
12.2 0.0 12.2 1.0 0.0 0.0 0.0 0.0
12.2 2.0 15.799999 1.0 0.0 0.0 1.0 1.0
12.2 0.0 15.799999 1.0 0.0 0.0 1.0 0.0
12.2 0.0 15.799999 0.0 0.0 1.0 0.0 0.0
12.2 2.0 15.799999 0.0 0.0 1.0 0.0 1.0
12.0 2.0 15.799999 0.0 0.0 1.0 1.0 1.0
12.2 0.0 15.799999 0.0 0.0 1.0 0.0 0.0
12.0 2.0 15.799999 0.0 0.0 1.0 1.0 1.0
12.0 0.0 15.799999 0.0 0.0 1.0 1.0 0.0
12.0 0.0 15.799999 -1.0 -0.0 -0.0 0.0 0.0
12.0 2.0 15.799999 -1.0 -0.0 -0.0 0.0 1.0
12.0 2.0 12.2 -1.0 -0.0 -0.0 1.0 1.0
12.0 0.0 15.799999 -1.0 0.0 0.0 0.0 0.0
12.0 2.0 12.2 -1.0 0.0 0.0 1.0 1.0
12.0 0.0 12.2 -1.0 0.0 0.0 1.0 0.0
12.0 2.0 12.2 -0.0 0.99999994 0.0 0.0 0.0
12.0 2.0 15.799999 -0.0 0.99999994 0.0 0.0 1.0
12.2 2.0 15.799999 -0.0 0.99999994 0.0 1.0 1.0
12.0 2.0 12.2 0.0 -0.99999994 0.0 0.0 0.0
12.2 2.0 12.2 0.0 -0.99999994 0.0 1.0 1.0
12.2 2.0 15.799999 0.0 -0.99999994 0.0 1.0 0.0
12.0 0.0 12.2 -0.0 0.99999994 0.0 0.0 0.0
12.0 0.0 15.799999 -0.0 0.99999994 0.0 0.0 1.0
12.2 0.0 15.799999 -0.0 0.99999994 0.0 1.0 1.0
12.0 0.0 12.2 0.0 -0.99999994 0.0 0.0 0.0
12.2 0.0 12.2 0.0 -0.99999994 0.0 1.0 1.0
12.2 0.0 15.799999 0.0 -0.99999994 0.0 1.0 0.0
12.0 0.0 12.0 0.0 0.0 -1.0 0.0 0.0
12.0 2.0 12.0 0.0 0.0 -1.0 0.0 1.0
15.0 2.0 12.0 0.0 0.0 -1.0 1.0 1.0
12.0 0.0 12.0 0.0 -0.0 -1.0 0.0 0.0
15.0 2.0 12.0 0.0 -0.0 -1.0 1.0 1.0
15.0 0.0 12.0 0.0 -0.0 -1.0 1.0 0.0
15.0 0.0 12.0 1.0 0.0 -0.0 0.0 0.0
15.0 2.0 12.0 1.0 0.0 -0.0 0.0 1.0
15.0 2.0 12.2 1.0 0.0 -0.0 1.0 1.0
15.0 0.0 12.0 1.0 0.0 0.0 0.0 0.0
15.0 2.0 12.2 1.0 0.0 0.0 1.0 1.0
15.0 0.0 12.2 1.0 0.0 0.0 1.0 0.0
15.0 0.0 12.2 0.0 0.0 1.0 0.0 0.0
15.0 2.0 12.2 0.0 0.0 1.0 0.0 1.0
12.0 2.0 12.2 0.0 0.0 1.0 1.0 1.0
15.0 0.0 12.2 0.0 0.0 1.0 0.0 0.0
12.0 2.0 12.2 0.0 0.0 1.0 1.0 1.0
12.0 0.0 12.2 0.0 0.0 1.0 1.0 0.0
12.0 0.0 12.2 -1.0 -0.0 -0.0 0.0 0.0
12.0 2.0 12.2 -1.0 -0.0 -0.0 0.0 1.0
12.0 2.0 12.0 -1.0 -0.0 -0.0 1.0 1.0
12.0 0.0 12.2 -1.0 0.0 0.0 0.0 0.0
12.0 2.0 12.0 -1.0 0.0 0.0 1.0 1.0
12.0 0.0 12.0 -1.0 0.0 0.0 1.0 0.0
12.0 2.0 12.0 -0.0 1.0 0.0 0.0 0.0
12.0 2.0 12.2 -0.0 1.0 0.0 0.0 1.0
15.0 2.0 12.2 -0.0 1.0 0.0 1.0 1.0
12.0 2.0 12.0 0.0 -1.0 0.0 0.0 0.0
15.0 2.0 12.0 0.0 -1.0 0.0 1.0 1.0
15.0 2.0 12.2 0.0 -1.0 0.0 1.0 0.0
12.0 0.0 12.0 -0.0 1.0 0.0 0.0 0.0
12.0 0.0 12.2 -0.0 1.0 0.0 0.0 1.0
15.0 0.0 12.2 -0.0 1.0 0.0 1.0 1.0
12.0 0.0 12.0 0.0 -1.0 0.0 0.0 0.0
15.0 0.0 12.0 0.0 -1.0 0.0 1.0 1.0
15.0 0.0 12.2 0.0 -1.0 0.0 1.0 0.0
14.8 0.0 12.2 0.0 0.0 -1.0 0.0 0.0
14.8 2.0 12.2 0.0 0.0 -1.0 0.0 1.0
15.0 2.0 12.2 0.0 0.0 -1.0 1.0 1.0
14.8 0.0 12.2 0.0 -0.0 -1.0 0.0 0.0
15.0 2.0 12.2 0.0 -0.0 -1.0 1.0 1.0
15.0 0.0 12.2 0.0 -0.0 -1.0 1.0 0.0
15.0 0.0 12.2 1.0 0.0 -0.0 0.0 0.0
15.0 2.0 12.2 1.0 0.0 -0.0 0.0 1.0
15.0 2.0 13.2 1.0 0.0 -0.0 1.0 1.0
15.0 0.0 12.2 1.0 0.0 0.0 0.0 0.0
15.0 2.0 13.2 1.0 0.0 0.0 1.0 1.0
15.0 0.0 13.2 1.0 0.0 0.0 1.0 0.0
15.0 0.0 13.2 0.0 0.0 1.0 0.0 0.0
15.0 2.0 13.2 0.0 0.0 1.0 0.0 1.0
14.8 2.0 13.2 0.0 0.0 1.0 1.0 1.0
15.0 0.0 13.2 0.0 0.0 1.0 0.0 0.0
14.8 2.0 13.2 0.0 0.0 1.0 1.0 1.0
14.8 0.0 13.2 0.0 0.0 1.0 1.0 0.0
14.8 0.0 13.2 -1.0 -0.0 -0.0 0.0 0.0
14.8 2.0 13.2 -1.0 -0.0 -0.0 0.0 1.0
14.8 2.0 12.2 -1.0 -0.0 -0.0 1.0 1.0
14.8 0.0 13.2 -1.0 0.0 0.0 0.0 0.0
14.8 2.0 12.2 -1.0 0.0 0.0 1.0 1.0
14.8 0.0 12.2 -1.0 0.0 0.0 1.0 0.0
14.8 2.0 12.2 -0.0 1.0 0.0 0.0 0.0
14.8 2.0 13.2 -0.0 1.0 0.0 0.0 1.0
15.0 2.0 13.2 -0.0 1.0 0.0 1.0 1.0
14.8 2.0 12.2 0.0 -1.0 0.0 0.0 0.0
15.0 2.0 12.2 0.0 -1.0 0.0 1.0 1.0
15.0 2.0 13.2 0.0 -1.0 0.0 1.0 0.0
14.8 0.0 12.2 -0.0 1.0 0.0 0.0 0.0
14.8 0.0 13.2 -0.0 1.0 0.0 0.0 1.0
15.0 0.0 13.2 -0.0 1.0 0.0 1.0 1.0
14.8 0.0 12.2 0.0 -1.0 0.0 0.0 0.0
15.0 0.0 12.2 0.0 -1.0 0.0 1.0 1.0
15.0 0.0 13.2 0.0 -1.0 0.0 1.0 0.0
14.8 1.0 13.2 0.0 0.0 -1.0 0.0 0.0
14.8 2.0 13.2 0.0 0.0 -1.0 0.0 1.0
15.0 2.0 13.2 0.0 0.0 -1.0 1.0 1.0
14.8 1.0 13.2 0.0 -0.0 -1.0 0.0 0.0
15.0 2.0 13.2 0.0 -0.0 -1.0 1.0 1.0
15.0 1.0 13.2 0.0 -0.0 -1.0 1.0 0.0
15.0 1.0 13.2 1.0 0.0 -0.0 0.0 0.0
15.0 2.0 13.2 1.0 0.0 -0.0 0.0 1.0
15.0 2.0 13.7 1.0 0.0 -0.0 1.0 1.0
15.0 1.0 13.2 1.0 0.0 0.0 0.0 0.0
15.0 2.0 13.7 1.0 0.0 0.0 1.0 1.0
15.0 1.0 13.7 1.0 0.0 0.0 1.0 0.0
15.0 1.0 13.7 0.0 0.0 1.0 0.0 0.0
15.0 2.0 13.7 0.0 0.0 1.0 0.0 1.0
14.8 2.0 13.7 0.0 0.0 1.0 1.0 1.0
15.0 1.0 13.7 0.0 0.0 1.0 0.0 0.0
14.8 2.0 13.7 0.0 0.0 1.0 1.0 1.0
14.8 1.0 13.7 0.0 0.0 1.0 1.0 0.0
14.8 1.0 13.7 -1.0 -0.0 -0.0 0.0 0.0
14.8 2.0 13.7 -1.0 -0.0 -0.0 0.0 1.0
14.8 2.0 13.2 -1.0 -0.0 -0.0 1.0 1.0
14.8 1.0 13.7 -1.0 0.0 0.0 0.0 0.0
14.8 2.0 13.2 -1.0 0.0 0.0 1.0 1.0
14.8 1.0 13.2 -1.0 0.0 0.0 1.0 0.0
14.8 2.0 13.2 -0.0 1.0 0.0 0.0 0.0
14.8 2.0 13.7 -0.0 1.0 0.0 0.0 1.0
15.0 2.0 13.7 -0.0 1.0 0.0 1.0 1.0
14.8 2.0 13.2 0.0 -1.0 0.0 0.0 0.0
15.0 2.0 13.2 0.0 -1.0 0.0 1.0 1.0
15.0 2.0 13.7 0.0 -1.0 0.0 1.0 0.0
14.8 1.0 13.2 -0.0 1.0 0.0 0.0 0.0
14.8 1.0 13.7 -0.0 1.0 0.0 0.0 1.0
15.0 1.0 13.7 -0.0 1.0 0.0 1.0 1.0
14.8 1.0 13.2 0.0 -1.0 0.0 0.0 0.0
15.0 1.0 13.2 0.0 -1.0 0.0 1.0 1.0
15.0 1.0 13.7 0.0 -1.0 0.0 1.0 0.0
14.8 0.0 13.7 0.0 0.0 -1.0 0.0 0.0
14.8 2.0 13.7 0.0 0.0 -1.0 0.0 1.0
15.0 2.0 13.7 0.0 0.0 -1.0 1.0 1.0
14.8 0.0 13.7 0.0 -0.0 -1.0 0.0 0.0
15.0 2.0 13.7 0.0 -0.0 -1.0 1.0 1.0
15.0 0.0 13.7 0.0 -0.0 -1.0 1.0 0.0
15.0 0.0 13.7 1.0 0.0 -0.0 0.0 0.0
15.0 2.0 13.7 1.0 0.0 -0.0 0.0 1.0
15.0 2.0 15.799999 1.0 0.0 -0.0 1.0 1.0
15.0 0.0 13.7 1.0 0.0 0.0 0.0 0.0
15.0 2.0 15.799999 1.0 0.0 0.0 1.0 1.0
15.0 0.0 15.799999 1.0 0.0 0.0 1.0 0.0
15.0 0.0 15.799999 0.0 0.0 1.0 0.0 0.0
15.0 2.0 15.799999 0.0 0.0 1.0 0.0 1.0
14.8 2.0 15.799999 0.0 0.0 1.0 1.0 1.0
15.0 0.0 15.799999 0.0 0.0 1.0 0.0 0.0
14.8 2.0 15.799999 0.0 0.0 1.0 1.0 1.0
14.8 0.0 15.799999 0.0 0.0 1.0 1.0 0.0
14.8 0.0 15.799999 -1.0 -0.0 -0.0 0.0 0.0
14.8 2.0 15.799999 -1.0 -0.0 -0.0 0.0 1.0
14.8 2.0 13.7 -1.0 -0.0 -0.0 1.0 1.0
14.8 0.0 15.799999 -1.0 0.0 0.0 0.0 0.0
14.8 2.0 13.7 -1.0 0.0 0.0 1.0 1.0
14.8 0.0 13.7 -1.0 0.0 0.0 1.0 0.0
14.8 2.0 13.7 -0.0 0.99999994 0.0 0.0 0.0
14.8 2.0 15.799999 -0.0 0.99999994 0.0 0.0 1.0
15.0 2.0 15.799999 -0.0 0.99999994 0.0 1.0 1.0
14.8 2.0 13.7 0.0 -0.99999994 0.0 0.0 0.0
15.0 2.0 13.7 0.0 -0.99999994 0.0 1.0 1.0
15.0 2.0 15.799999 0.0 -0.99999994 0.0 1.0 0.0
14.8 0.0 13.7 -0.0 0.99999994 0.0 0.0 0.0
14.8 0.0 15.799999 -0.0 0.99999994 0.0 0.0 1.0
15.0 0.0 15.799999 -0.0 0.99999994 0.0 1.0 1.0
14.8 0.0 13.7 0.0 -0.99999994 0.0 0.0 0.0
15.0 0.0 13.7 0.0 -0.99999994 0.0 1.0 1.0
15.0 0.0 15.799999 0.0 -0.99999994 0.0 1.0 0.0
12.0 0.0 15.8 0.0 0.0 -1.0 0.0 0.0
12.0 2.0 15.8 0.0 0.0 -1.0 0.0 1.0
15.0 2.0 15.8 0.0 0.0 -1.0 1.0 1.0
12.0 0.0 15.8 0.0 -0.0 -1.0 0.0 0.0
15.0 2.0 15.8 0.0 -0.0 -1.0 1.0 1.0
15.0 0.0 15.8 0.0 -0.0 -1.0 1.0 0.0
15.0 0.0 15.8 1.0 0.0 -0.0 0.0 0.0
15.0 2.0 15.8 1.0 0.0 -0.0 0.0 1.0
15.0 2.0 16.0 1.0 0.0 -0.0 1.0 1.0
15.0 0.0 15.8 1.0 0.0 0.0 0.0 0.0
15.0 2.0 16.0 1.0 0.0 0.0 1.0 1.0
15.0 0.0 16.0 1.0 0.0 0.0 1.0 0.0
15.0 0.0 16.0 0.0 0.0 1.0 0.0 0.0
15.0 2.0 16.0 0.0 0.0 1.0 0.0 1.0
12.0 2.0 16.0 0.0 0.0 1.0 1.0 1.0
15.0 0.0 16.0 0.0 0.0 1.0 0.0 0.0
12.0 2.0 16.0 0.0 0.0 1.0 1.0 1.0
12.0 0.0 16.0 0.0 0.0 1.0 1.0 0.0
12.0 0.0 16.0 -1.0 -0.0 -0.0 0.0 0.0
12.0 2.0 16.0 -1.0 -0.0 -0.0 0.0 1.0
12.0 2.0 15.8 -1.0 -0.0 -0.0 1.0 1.0
12.0 0.0 16.0 -1.0 0.0 0.0 0.0 0.0
12.0 2.0 15.8 -1.0 0.0 0.0 1.0 1.0
12.0 0.0 15.8 -1.0 0.0 0.0 1.0 0.0
12.0 2.0 15.8 -0.0 1.0 0.0 0.0 0.0
12.0 2.0 16.0 -0.0 1.0 0.0 0.0 1.0
15.0 2.0 16.0 -0.0 1.0 0.0 1.0 1.0
12.0 2.0 15.8 0.0 -1.0 0.0 0.0 0.0
15.0 2.0 15.8 0.0 -1.0 0.0 1.0 1.0
15.0 2.0 16.0 0.0 -1.0 0.0 1.0 0.0
12.0 0.0 15.8 -0.0 1.0 0.0 0.0 0.0
12.0 0.0 16.0 -0.0 1.0 0.0 0.0 1.0
15.0 0.0 16.0 -0.0 1.0 0.0 1.0 1.0
12.0 0.0 15.8 0.0 -1.0 0.0 0.0 0.0
15.0 0.0 15.8 0.0 -1.0 0.0 1.0 1.0
15.0 0.0 16.0 0.0 -1.0 0.0 1.0 0.0
12.0 0.0 16.2 0.0 0.0 -1.0 0.0 0.0
12.0 2.0 16.2 0.0 0.0 -1.0 0.0 1.0
12.2 2.0 16.2 0.0 0.0 -1.0 1.0 1.0
12.0 0.0 16.2 0.0 -0.0 -1.0 0.0 0.0
12.2 2.0 16.2 0.0 -0.0 -1.0 1.0 1.0
12.2 0.0 16.2 0.0 -0.0 -1.0 1.0 0.0
12.2 0.0 16.2 1.0 0.0 -0.0 0.0 0.0
12.2 2.0 16.2 1.0 0.0 -0.0 0.0 1.0
12.2 2.0 19.800001 1.0 0.0 -0.0 1.0 1.0
12.2 0.0 16.2 1.0 0.0 0.0 0.0 0.0
12.2 2.0 19.800001 1.0 0.0 0.0 1.0 1.0
12.2 0.0 19.800001 1.0 0.0 0.0 1.0 0.0
12.2 0.0 19.800001 0.0 0.0 1.0 0.0 0.0
12.2 2.0 19.800001 0.0 0.0 1.0 0.0 1.0
12.0 2.0 19.800001 0.0 0.0 1.0 1.0 1.0
12.2 0.0 19.800001 0.0 0.0 1.0 0.0 0.0
12.0 2.0 19.800001 0.0 0.0 1.0 1.0 1.0
12.0 0.0 19.800001 0.0 0.0 1.0 1.0 0.0
12.0 0.0 19.800001 -1.0 -0.0 -0.0 0.0 0.0
12.0 2.0 19.800001 -1.0 -0.0 -0.0 0.0 1.0
12.0 2.0 16.2 -1.0 -0.0 -0.0 1.0 1.0
12.0 0.0 19.800001 -1.0 0.0 0.0 0.0 0.0
12.0 2.0 16.2 -1.0 0.0 0.0 1.0 1.0
12.0 0.0 16.2 -1.0 0.0 0.0 1.0 0.0
12.0 2.0 16.2 -0.0 1.0 0.0 0.0 0.0
12.0 2.0 19.800001 -0.0 1.0 0.0 0.0 1.0
12.2 2.0 19.800001 -0.0 1.0 0.0 1.0 1.0
12.0 2.0 16.2 0.0 -1.0 0.0 0.0 0.0
12.2 2.0 16.2 0.0 -1.0 0.0 1.0 1.0
12.2 2.0 19.800001 0.0 -1.0 0.0 1.0 0.0
12.0 0.0 16.2 -0.0 1.0 0.0 0.0 0.0
12.0 0.0 19.800001 -0.0 1.0 0.0 0.0 1.0
12.2 0.0 19.800001 -0.0 1.0 0.0 1.0 1.0
12.0 0.0 16.2 0.0 -1.0 0.0 0.0 0.0
12.2 0.0 16.2 0.0 -1.0 0.0 1.0 1.0
12.2 0.0 19.800001 0.0 -1.0 0.0 1.0 0.0
12.0 0.0 16.0 0.0 0.0 -1.0 0.0 0.0
12.0 2.0 16.0 0.0 0.0 -1.0 0.0 1.0
15.0 2.0 16.0 0.0 0.0 -1.0 1.0 1.0
12.0 0.0 16.0 0.0 -0.0 -1.0 0.0 0.0
15.0 2.0 16.0 0.0 -0.0 -1.0 1.0 1.0
15.0 0.0 16.0 0.0 -0.0 -1.0 1.0 0.0
15.0 0.0 16.0 1.0 0.0 -0.0 0.0 0.0
15.0 2.0 16.0 1.0 0.0 -0.0 0.0 1.0
15.0 2.0 16.2 1.0 0.0 -0.0 1.0 1.0
15.0 0.0 16.0 1.0 0.0 0.0 0.0 0.0
15.0 2.0 16.2 1.0 0.0 0.0 1.0 1.0
15.0 0.0 16.2 1.0 0.0 0.0 1.0 0.0
15.0 0.0 16.2 0.0 0.0 1.0 0.0 0.0
15.0 2.0 16.2 0.0 0.0 1.0 0.0 1.0
12.0 2.0 16.2 0.0 0.0 1.0 1.0 1.0
15.0 0.0 16.2 0.0 0.0 1.0 0.0 0.0
12.0 2.0 16.2 0.0 0.0 1.0 1.0 1.0
12.0 0.0 16.2 0.0 0.0 1.0 1.0 0.0
12.0 0.0 16.2 -1.0 -0.0 -0.0 0.0 0.0
12.0 2.0 16.2 -1.0 -0.0 -0.0 0.0 1.0
12.0 2.0 16.0 -1.0 -0.0 -0.0 1.0 1.0
12.0 0.0 16.2 -1.0 0.0 0.0 0.0 0.0
12.0 2.0 16.0 -1.0 0.0 0.0 1.0 1.0
12.0 0.0 16.0 -1.0 0.0 0.0 1.0 0.0
12.0 2.0 16.0 -0.0 1.0 0.0 0.0 0.0
12.0 2.0 16.2 -0.0 1.0 0.0 0.0 1.0
15.0 2.0 16.2 -0.0 1.0 0.0 1.0 1.0
12.0 2.0 16.0 0.0 -1.0 0.0 0.0 0.0
15.0 2.0 16.0 0.0 -1.0 0.0 1.0 1.0
15.0 2.0 16.2 0.0 -1.0 0.0 1.0 0.0
12.0 0.0 16.0 -0.0 1.0 0.0 0.0 0.0
12.0 0.0 16.2 -0.0 1.0 0.0 0.0 1.0
15.0 0.0 16.2 -0.0 1.0 0.0 1.0 1.0
12.0 0.0 16.0 0.0 -1.0 0.0 0.0 0.0
15.0 0.0 16.0 0.0 -1.0 0.0 1.0 1.0
15.0 0.0 16.2 0.0 -1.0 0.0 1.0 0.0
14.8 0.0 16.2 0.0 0.0 -1.0 0.0 0.0
14.8 2.0 16.2 0.0 0.0 -1.0 0.0 1.0
15.0 2.0 16.2 0.0 0.0 -1.0 1.0 1.0
14.8 0.0 16.2 0.0 -0.0 -1.0 0.0 0.0
15.0 2.0 16.2 0.0 -0.0 -1.0 1.0 1.0
15.0 0.0 16.2 0.0 -0.0 -1.0 1.0 0.0
15.0 0.0 16.2 1.0 0.0 -0.0 0.0 0.0
15.0 2.0 16.2 1.0 0.0 -0.0 0.0 1.0
15.0 2.0 17.2 1.0 0.0 -0.0 1.0 1.0
15.0 0.0 16.2 1.0 0.0 0.0 0.0 0.0
15.0 2.0 17.2 1.0 0.0 0.0 1.0 1.0
15.0 0.0 17.2 1.0 0.0 0.0 1.0 0.0
15.0 0.0 17.2 0.0 0.0 1.0 0.0 0.0
15.0 2.0 17.2 0.0 0.0 1.0 0.0 1.0
14.8 2.0 17.2 0.0 0.0 1.0 1.0 1.0
15.0 0.0 17.2 0.0 0.0 1.0 0.0 0.0
14.8 2.0 17.2 0.0 0.0 1.0 1.0 1.0
14.8 0.0 17.2 0.0 0.0 1.0 1.0 0.0
14.8 0.0 17.2 -1.0 -0.0 -0.0 0.0 0.0
14.8 2.0 17.2 -1.0 -0.0 -0.0 0.0 1.0
14.8 2.0 16.2 -1.0 -0.0 -0.0 1.0 1.0
14.8 0.0 17.2 -1.0 0.0 0.0 0.0 0.0
14.8 2.0 16.2 -1.0 0.0 0.0 1.0 1.0
14.8 0.0 16.2 -1.0 0.0 0.0 1.0 0.0
14.8 2.0 16.2 -0.0 1.0 0.0 0.0 0.0
14.8 2.0 17.2 -0.0 1.0 0.0 0.0 1.0
15.0 2.0 17.2 -0.0 1.0 0.0 1.0 1.0
14.8 2.0 16.2 0.0 -1.0 0.0 0.0 0.0
15.0 2.0 16.2 0.0 -1.0 0.0 1.0 1.0
15.0 2.0 17.2 0.0 -1.0 0.0 1.0 0.0
14.8 0.0 16.2 -0.0 1.0 0.0 0.0 0.0
14.8 0.0 17.2 -0.0 1.0 0.0 0.0 1.0
15.0 0.0 17.2 -0.0 1.0 0.0 1.0 1.0
14.8 0.0 16.2 0.0 -1.0 0.0 0.0 0.0
15.0 0.0 16.2 0.0 -1.0 0.0 1.0 1.0
15.0 0.0 17.2 0.0 -1.0 0.0 1.0 0.0
14.8 1.0 17.2 0.0 0.0 -1.0 0.0 0.0
14.8 2.0 17.2 0.0 0.0 -1.0 0.0 1.0
15.0 2.0 17.2 0.0 0.0 -1.0 1.0 1.0
14.8 1.0 17.2 0.0 -0.0 -1.0 0.0 0.0
15.0 2.0 17.2 0.0 -0.0 -1.0 1.0 1.0
15.0 1.0 17.2 0.0 -0.0 -1.0 1.0 0.0
15.0 1.0 17.2 1.0 0.0 -0.0 0.0 0.0
15.0 2.0 17.2 1.0 0.0 -0.0 0.0 1.0
15.0 2.0 17.7 1.0 0.0 -0.0 1.0 1.0
15.0 1.0 17.2 1.0 0.0 0.0 0.0 0.0
15.0 2.0 17.7 1.0 0.0 0.0 1.0 1.0
15.0 1.0 17.7 1.0 0.0 0.0 1.0 0.0
15.0 1.0 17.7 0.0 0.0 1.0 0.0 0.0
15.0 2.0 17.7 0.0 0.0 1.0 0.0 1.0
14.8 2.0 17.7 0.0 0.0 1.0 1.0 1.0
15.0 1.0 17.7 0.0 0.0 1.0 0.0 0.0
14.8 2.0 17.7 0.0 0.0 1.0 1.0 1.0
14.8 1.0 17.7 0.0 0.0 1.0 1.0 0.0
14.8 1.0 17.7 -1.0 -0.0 -0.0 0.0 0.0
14.8 2.0 17.7 -1.0 -0.0 -0.0 0.0 1.0
14.8 2.0 17.2 -1.0 -0.0 -0.0 1.0 1.0
14.8 1.0 17.7 -1.0 0.0 0.0 0.0 0.0
14.8 2.0 17.2 -1.0 0.0 0.0 1.0 1.0
14.8 1.0 17.2 -1.0 0.0 0.0 1.0 0.0
14.8 2.0 17.2 -0.0 1.0 0.0 0.0 0.0
14.8 2.0 17.7 -0.0 1.0 0.0 0.0 1.0
15.0 2.0 17.7 -0.0 1.0 0.0 1.0 1.0
14.8 2.0 17.2 0.0 -1.0 0.0 0.0 0.0
15.0 2.0 17.2 0.0 -1.0 0.0 1.0 1.0
15.0 2.0 17.7 0.0 -1.0 0.0 1.0 0.0
14.8 1.0 17.2 -0.0 1.0 0.0 0.0 0.0
14.8 1.0 17.7 -0.0 1.0 0.0 0.0 1.0
15.0 1.0 17.7 -0.0 1.0 0.0 1.0 1.0
14.8 1.0 17.2 0.0 -1.0 0.0 0.0 0.0
15.0 1.0 17.2 0.0 -1.0 0.0 1.0 1.0
15.0 1.0 17.7 0.0 -1.0 0.0 1.0 0.0
14.8 0.0 17.7 0.0 0.0 -1.0 0.0 0.0
14.8 2.0 17.7 0.0 0.0 -1.0 0.0 1.0
15.0 2.0 17.7 0.0 0.0 -1.0 1.0 1.0
14.8 0.0 17.7 0.0 -0.0 -1.0 0.0 0.0
15.0 2.0 17.7 0.0 -0.0 -1.0 1.0 1.0
15.0 0.0 17.7 0.0 -0.0 -1.0 1.0 0.0
15.0 0.0 17.7 1.0 0.0 -0.0 0.0 0.0
15.0 2.0 17.7 1.0 0.0 -0.0 0.0 1.0
15.0 2.0 19.800001 1.0 0.0 -0.0 1.0 1.0
15.0 0.0 17.7 1.0 0.0 0.0 0.0 0.0
15.0 2.0 19.800001 1.0 0.0 0.0 1.0 1.0
15.0 0.0 19.800001 1.0 0.0 0.0 1.0 0.0
15.0 0.0 19.800001 0.0 0.0 1.0 0.0 0.0
15.0 2.0 19.800001 0.0 0.0 1.0 0.0 1.0
14.8 2.0 19.800001 0.0 0.0 1.0 1.0 1.0
15.0 0.0 19.800001 0.0 0.0 1.0 0.0 0.0
14.8 2.0 19.800001 0.0 0.0 1.0 1.0 1.0
14.8 0.0 19.800001 0.0 0.0 1.0 1.0 0.0
14.8 0.0 19.800001 -1.0 -0.0 -0.0 0.0 0.0
14.8 2.0 19.800001 -1.0 -0.0 -0.0 0.0 1.0
14.8 2.0 17.7 -1.0 -0.0 -0.0 1.0 1.0
14.8 0.0 19.800001 -1.0 0.0 0.0 0.0 0.0
14.8 2.0 17.7 -1.0 0.0 0.0 1.0 1.0
14.8 0.0 17.7 -1.0 0.0 0.0 1.0 0.0
14.8 2.0 17.7 -0.0 0.99999994 0.0 0.0 0.0
14.8 2.0 19.800001 -0.0 0.99999994 0.0 0.0 1.0
15.0 2.0 19.800001 -0.0 0.99999994 0.0 1.0 1.0
14.8 2.0 17.7 0.0 -0.99999994 0.0 0.0 0.0
15.0 2.0 17.7 0.0 -0.99999994 0.0 1.0 1.0
15.0 2.0 19.800001 0.0 -0.99999994 0.0 1.0 0.0
14.8 0.0 17.7 -0.0 0.99999994 0.0 0.0 0.0
14.8 0.0 19.800001 -0.0 0.99999994 0.0 0.0 1.0
15.0 0.0 19.800001 -0.0 0.99999994 0.0 1.0 1.0
14.8 0.0 17.7 0.0 -0.99999994 0.0 0.0 0.0
15.0 0.0 17.7 0.0 -0.99999994 0.0 1.0 1.0
15.0 0.0 19.800001 0.0 -0.99999994 0.0 1.0 0.0
12.0 0.0 19.8 0.0 0.0 -1.0 0.0 0.0
12.0 2.0 19.8 0.0 0.0 -1.0 0.0 1.0
15.0 2.0 19.8 0.0 0.0 -1.0 1.0 1.0
12.0 0.0 19.8 0.0 -0.0 -1.0 0.0 0.0
15.0 2.0 19.8 0.0 -0.0 -1.0 1.0 1.0
15.0 0.0 19.8 0.0 -0.0 -1.0 1.0 0.0
15.0 0.0 19.8 1.0 0.0 -0.0 0.0 0.0
15.0 2.0 19.8 1.0 0.0 -0.0 0.0 1.0
15.0 2.0 20.0 1.0 0.0 -0.0 1.0 1.0
15.0 0.0 19.8 1.0 0.0 0.0 0.0 0.0
15.0 2.0 20.0 1.0 0.0 0.0 1.0 1.0
15.0 0.0 20.0 1.0 0.0 0.0 1.0 0.0
15.0 0.0 20.0 0.0 0.0 1.0 0.0 0.0
15.0 2.0 20.0 0.0 0.0 1.0 0.0 1.0
12.0 2.0 20.0 0.0 0.0 1.0 1.0 1.0
15.0 0.0 20.0 0.0 0.0 1.0 0.0 0.0
12.0 2.0 20.0 0.0 0.0 1.0 1.0 1.0
12.0 0.0 20.0 0.0 0.0 1.0 1.0 0.0
12.0 0.0 20.0 -1.0 -0.0 -0.0 0.0 0.0
12.0 2.0 20.0 -1.0 -0.0 -0.0 0.0 1.0
12.0 2.0 19.8 -1.0 -0.0 -0.0 1.0 1.0
12.0 0.0 20.0 -1.0 0.0 0.0 0.0 0.0
12.0 2.0 19.8 -1.0 0.0 0.0 1.0 1.0
12.0 0.0 19.8 -1.0 0.0 0.0 1.0 0.0
12.0 2.0 19.8 -0.0 1.0 0.0 0.0 0.0
12.0 2.0 20.0 -0.0 1.0 0.0 0.0 1.0
15.0 2.0 20.0 -0.0 1.0 0.0 1.0 1.0
12.0 2.0 19.8 0.0 -1.0 0.0 0.0 0.0
15.0 2.0 19.8 0.0 -1.0 0.0 1.0 1.0
15.0 2.0 20.0 0.0 -1.0 0.0 1.0 0.0
12.0 0.0 19.8 -0.0 1.0 0.0 0.0 0.0
12.0 0.0 20.0 -0.0 1.0 0.0 0.0 1.0
15.0 0.0 20.0 -0.0 1.0 0.0 1.0 1.0
12.0 0.0 19.8 0.0 -1.0 0.0 0.0 0.0
15.0 0.0 19.8 0.0 -1.0 0.0 1.0 1.0
15.0 0.0 20.0 0.0 -1.0 0.0 1.0 0.0

