0.5 2.0 0.0 0.0 6.0
0.5 0.0 0.0 0.0 0.0
0.4045085 0.0 0.29389262 6.0 0.0
0.5 2.0 0.0 0.0 6.0
0.4045085 2.0 0.29389262 6.0 6.0
0.4045085 0.0 0.29389262 6.0 0.0
0.4045085 2.0 0.29389262 0.0 6.0
0.4045085 0.0 0.29389262 0.0 0.0
0.15450849 0.0 0.47552827 6.0 0.0
0.4045085 2.0 0.29389262 0.0 6.0
0.15450849 2.0 0.47552827 6.0 6.0
0.15450849 0.0 0.47552827 6.0 0.0
0.15450849 2.0 0.47552827 0.0 6.0
0.15450849 0.0 0.47552827 0.0 0.0
-0.15450847 0.0 0.47552827 6.0 0.0
0.15450849 2.0 0.47552827 0.0 6.0
-0.15450847 2.0 0.47552827 6.0 6.0
-0.15450847 0.0 0.47552827 6.0 0.0
-0.15450847 2.0 0.47552827 0.0 6.0
-0.15450847 0.0 0.47552827 0.0 0.0
-0.40450853 0.0 0.2938926 6.0 0.0
-0.15450847 2.0 0.47552827 0.0 6.0
-0.40450853 2.0 0.2938926 6.0 6.0
-0.40450853 0.0 0.2938926 6.0 0.0
-0.40450853 2.0 0.2938926 0.0 6.0
-0.40450853 0.0 0.2938926 0.0 0.0
-0.5 0.0 -4.371139E-8 6.0 0.0
-0.40450853 2.0 0.2938926 0.0 6.0
-0.5 2.0 -4.371139E-8 6.0 6.0
-0.5 0.0 -4.371139E-8 6.0 0.0
-0.5 2.0 -4.371139E-8 0.0 6.0
-0.5 0.0 -4.371139E-8 0.0 0.0
-0.40450853 0.0 -0.29389256 6.0 0.0
-0.5 2.0 -4.371139E-8 0.0 6.0
-0.40450853 2.0 -0.29389256 6.0 6.0
-0.40450853 0.0 -0.29389256 6.0 0.0
-0.40450853 2.0 -0.29389256 0.0 6.0
-0.40450853 0.0 -0.29389256 0.0 0.0
-0.15450855 0.0 -0.47552824 6.0 0.0
-0.40450853 2.0 -0.29389256 0.0 6.0
-0.15450855 2.0 -0.47552824 6.0 6.0
-0.15450855 0.0 -0.47552824 6.0 0.0
-0.15450855 2.0 -0.47552824 0.0 6.0
-0.15450855 0.0 -0.47552824 0.0 0.0
0.15450856 0.0 -0.47552824 6.0 0.0
-0.15450855 2.0 -0.47552824 0.0 6.0
0.15450856 2.0 -0.47552824 6.0 6.0
0.15450856 0.0 -0.47552824 6.0 0.0
0.15450856 2.0 -0.47552824 0.0 6.0
0.15450856 0.0 -0.47552824 0.0 0.0
0.40450847 0.0 -0.29389265 6.0 0.0
0.15450856 2.0 -0.47552824 0.0 6.0
0.40450847 2.0 -0.29389265 6.0 6.0
0.40450847 0.0 -0.29389265 6.0 0.0
0.40450847 2.0 -0.29389265 0.0 6.0
0.40450847 0.0 -0.29389265 0.0 0.0
0.5 0.0 8.742278E-8 6.0 0.0
0.40450847 2.0 -0.29389265 0.0 6.0
0.5 2.0 8.742278E-8 6.0 6.0
0.5 0.0 8.742278E-8 6.0 0.0