0.5 2.0 0.0 0.309017 -0.0 0.04894346 0.0 6.0
0.5 0.0 0.0 0.309017 -0.0 0.04894346 0.0 0.0
0.47552827 0.0 0.1545085 0.309017 -0.0 0.04894346 6.0 0.0
0.5 2.0 0.0 -0.309017 -0.0 -0.04894346 0.0 6.0
0.47552827 2.0 0.1545085 -0.309017 -0.0 -0.04894346 6.0 6.0
0.47552827 0.0 0.1545085 -0.309017 -0.0 -0.04894346 6.0 0.0
0.47552827 2.0 0.1545085 0.27876824 -0.0 0.14203954 0.0 6.0
0.47552827 0.0 0.1545085 0.27876824 -0.0 0.14203954 0.0 0.0
0.4045085 0.0 0.29389262 0.27876824 -0.0 0.14203954 6.0 0.0
0.47552827 2.0 0.1545085 -0.27876824 -0.0 -0.14203954 0.0 6.0
0.4045085 2.0 0.29389262 -0.27876824 -0.0 -0.14203954 6.0 6.0
0.4045085 0.0 0.29389262 -0.27876824 -0.0 -0.14203954 6.0 0.0
0.4045085 2.0 0.29389262 0.22123176 -0.0 0.2212317 0.0 6.0
0.4045085 0.0 0.29389262 0.22123176 -0.0 0.2212317 0.0 0.0
0.29389265 0.0 0.4045085 0.22123176 -0.0 0.2212317 6.0 0.0
0.4045085 2.0 0.29389262 -0.22123176 -0.0 -0.2212317 0.0 6.0
0.29389265 2.0 0.4045085 -0.22123176 -0.0 -0.2212317 6.0 6.0
0.29389265 0.0 0.4045085 -0.22123176 -0.0 -0.2212317 6.0 0.0
0.29389265 2.0 0.4045085 0.14203954 -0.0 0.27876833 0.0 6.0
0.29389265 0.0 0.4045085 0.14203954 -0.0 0.27876833 0.0 0.0
0.15450849 0.0 0.47552827 0.14203954 -0.0 0.27876833 6.0 0.0
0.29389265 2.0 0.4045085 -0.14203954 -0.0 -0.27876833 0.0 6.0
0.15450849 2.0 0.47552827 -0.14203954 -0.0 -0.27876833 6.0 6.0
0.15450849 0.0 0.47552827 -0.14203954 -0.0 -0.27876833 6.0 0.0
0.15450849 2.0 0.47552827 0.04894346 -0.0 0.309017 0.0 6.0
0.15450849 0.0 0.47552827 0.04894346 -0.0 0.309017 0.0 0.0
-2.1855694E-8 0.0 0.5 0.04894346 -0.0 0.309017 6.0 0.0
0.15450849 2.0 0.47552827 -0.04894346 -0.0 -0.309017 0.0 6.0
-2.1855694E-8 2.0 0.5 -0.04894346 -0.0 -0.309017 6.0 6.0
-2.1855694E-8 0.0 0.5 -0.04894346 -0.0 -0.309017 6.0 0.0
-2.1855694E-8 2.0 0.5 -0.04894346 0.0 0.3090169 0.0 6.0
-2.1855694E-8 0.0 0.5 -0.04894346 0.0 0.3090169 0.0 0.0
-0.15450847 0.0 0.47552827 -0.04894346 0.0 0.3090169 6.0 0.0
-2.1855694E-8 2.0 0.5 0.04894346 0.0 -0.3090169 0.0 6.0
-0.15450847 2.0 0.47552827 0.04894346 0.0 -0.3090169 6.0 6.0
-0.15450847 0.0 0.47552827 0.04894346 0.0 -0.3090169 6.0 0.0
-0.15450847 2.0 0.47552827 -0.14203954 0.0 0.27876824 0.0 6.0
-0.15450847 0.0 0.47552827 -0.14203954 0.0 0.27876824 0.0 0.0
-0.2938926 0.0 0.4045085 -0.14203954 0.0 0.27876824 6.0 0.0
-0.15450847 2.0 0.47552827 0.14203954 0.0 -0.27876824 0.0 6.0
-0.2938926 2.0 0.4045085 0.14203954 0.0 -0.27876824 6.0 6.0
-0.2938926 0.0 0.4045085 0.14203954 0.0 -0.27876824 6.0 0.0
-0.2938926 2.0 0.4045085 -0.22123182 0.0 0.22123188 0.0 6.0
-0.2938926 0.0 0.4045085 -0.22123182 0.0 0.22123188 0.0 0.0
-0.40450853 0.0 0.2938926 -0.22123182 0.0 0.22123188 6.0 0.0
-0.2938926 2.0 0.4045085 0.22123182 0.0 -0.22123188 0.0 6.0
-0.40450853 2.0 0.2938926 0.22123182 0.0 -0.22123188 6.0 6.0
-0.40450853 0.0 0.2938926 0.22123182 0.0 -0.22123188 6.0 0.0
-0.40450853 2.0 0.2938926 -0.27876815 0.0 0.14203942 0.0 6.0
-0.40450853 0.0 0.2938926 -0.27876815 0.0 0.14203942 0.0 0.0
-0.47552824 0.0 0.15450852 -0.27876815 0.0 0.14203942 6.0 0.0
-0.40450853 2.0 0.2938926 0.27876815 0.0 -0.14203942 0.0 6.0
-0.47552824 2.0 0.15450852 0.27876815 0.0 -0.14203942 6.0 6.0
-0.47552824 0.0 0.15450852 0.27876815 0.0 -0.14203942 6.0 0.0
-0.47552824 2.0 0.15450852 -0.30901712 0.0 0.04894352 0.0 6.0
-0.47552824 0.0 0.15450852 -0.30901712 0.0 0.04894352 0.0 0.0
-0.5 0.0 -4.371139E-8 -0.30901712 0.0 0.04894352 6.0 0.0
-0.47552824 2.0 0.15450852 0.30901712 0.0 -0.04894352 0.0 6.0
-0.5 2.0 -4.371139E-8 0.30901712 0.0 -0.04894352 6.0 6.0
-0.5 0.0 -4.371139E-8 0.30901712 0.0 -0.04894352 6.0 0.0
-0.5 2.0 -4.371139E-8 -0.30901688 0.0 -0.04894346 0.0 6.0
-0.5 0.0 -4.371139E-8 -0.30901688 0.0 -0.04894346 0.0 0.0
-0.47552827 0.0 -0.15450849 -0.30901688 0.0 -0.04894346 6.0 0.0
-0.5 2.0 -4.371139E-8 0.30901688 0.0 0.04894346 0.0 6.0
-0.47552827 2.0 -0.15450849 0.30901688 0.0 0.04894346 6.0 6.0
-0.47552827 0.0 -0.15450849 0.30901688 0.0 0.04894346 6.0 0.0
-0.47552827 2.0 -0.15450849 -0.27876815 0.0 -0.14203948 0.0 6.0
-0.47552827 0.0 -0.15450849 -0.27876815 0.0 -0.14203948 0.0 0.0
-0.40450853 0.0 -0.29389256 -0.27876815 0.0 -0.14203948 6.0 0.0
-0.47552827 2.0 -0.15450849 0.27876815 0.0 0.14203948 0.0 6.0
-0.40450853 2.0 -0.29389256 0.27876815 0.0 0.14203948 6.0 6.0
-0.40450853 0.0 -0.29389256 0.27876815 0.0 0.14203948 6.0 0.0
-0.40450853 2.0 -0.29389256 -0.2212317 0.0 -0.22123164 0.0 6.0
-0.40450853 0.0 -0.29389256 -0.2212317 0.0 -0.22123164 0.0 0.0
-0.2938927 0.0 -0.4045084 -0.2212317 0.0 -0.22123164 6.0 0.0
-0.40450853 2.0 -0.29389256 0.2212317 0.0 0.22123164 0.0 6.0
-0.2938927 2.0 -0.4045084 0.2212317 0.0 0.22123164 6.0 6.0
-0.2938927 0.0 -0.4045084 0.2212317 0.0 0.22123164 6.0 0.0
-0.2938927 2.0 -0.4045084 -0.14203966 0.0 -0.27876833 0.0 6.0
-0.2938927 0.0 -0.4045084 -0.14203966 0.0 -0.27876833 0.0 0.0
-0.15450855 0.0 -0.47552824 -0.14203966 0.0 -0.27876833 6.0 0.0
-0.2938927 2.0 -0.4045084 0.14203966 0.0 0.27876833 0.0 6.0
-0.15450855 2.0 -0.47552824 0.14203966 0.0 0.27876833 6.0 6.0
-0.15450855 0.0 -0.47552824 0.14203966 0.0 0.27876833 6.0 0.0
-0.15450855 2.0 -0.47552824 -0.04894352 0.0 -0.3090171 0.0 6.0
-0.15450855 0.0 -0.47552824 -0.04894352 0.0 -0.3090171 0.0 0.0
5.9624403E-9 0.0 -0.5 -0.04894352 0.0 -0.3090171 6.0 0.0
-0.15450855 2.0 -0.47552824 0.04894352 0.0 0.3090171 0.0 6.0
5.9624403E-9 2.0 -0.5 0.04894352 0.0 0.3090171 6.0 6.0
5.9624403E-9 0.0 -0.5 0.04894352 0.0 0.3090171 6.0 0.0
5.9624403E-9 2.0 -0.5 0.04894352 0.0 -0.30901712 0.0 6.0
5.9624403E-9 0.0 -0.5 0.04894352 0.0 -0.30901712 0.0 0.0
0.15450856 0.0 -0.47552824 0.04894352 0.0 -0.30901712 6.0 0.0
5.9624403E-9 2.0 -0.5 -0.04894352 0.0 0.30901712 0.0 6.0
0.15450856 2.0 -0.47552824 -0.04894352 0.0 0.30901712 6.0 6.0
0.15450856 0.0 -0.47552824 -0.04894352 0.0 0.30901712 6.0 0.0
0.15450856 2.0 -0.47552824 0.14203936 0.0 -0.27876794 0.0 6.0
0.15450856 0.0 -0.47552824 0.14203936 0.0 -0.27876794 0.0 0.0
0.29389253 0.0 -0.40450856 0.14203936 0.0 -0.27876794 6.0 0.0
0.15450856 2.0 -0.47552824 -0.14203936 0.0 0.27876794 0.0 6.0
0.29389253 2.0 -0.40450856 -0.14203936 0.0 0.27876794 6.0 6.0
0.29389253 0.0 -0.40450856 -0.14203936 0.0 0.27876794 6.0 0.0
0.29389253 2.0 -0.40450856 0.22123182 0.0 -0.22123188 0.0 6.0
0.29389253 0.0 -0.40450856 0.22123182 0.0 -0.22123188 0.0 0.0
0.40450847 0.0 -0.29389265 0.22123182 0.0 -0.22123188 6.0 0.0
0.29389253 2.0 -0.40450856 -0.22123182 0.0 0.22123188 0.0 6.0
0.40450847 2.0 -0.29389265 -0.22123182 0.0 0.22123188 6.0 6.0
0.40450847 0.0 -0.29389265 -0.22123182 0.0 0.22123188 6.0 0.0
0.40450847 2.0 -0.29389265 0.27876836 0.0 -0.1420396 0.0 6.0
0.40450847 0.0 -0.29389265 0.27876836 0.0 -0.1420396 0.0 0.0
0.47552827 0.0 -0.15450847 0.27876836 0.0 -0.1420396 6.0 0.0
0.40450847 2.0 -0.29389265 -0.27876836 0.0 0.1420396 0.0 6.0
0.47552827 2.0 -0.15450847 -0.27876836 0.0 0.1420396 6.0 6.0
0.47552827 0.0 -0.15450847 -0.27876836 0.0 0.1420396 6.0 0.0
0.47552827 2.0 -0.15450847 0.30901712 0.0 -0.04894346 0.0 6.0
0.47552827 0.0 -0.15450847 0.30901712 0.0 -0.04894346 0.0 0.0
0.5 0.0 8.742278E-8 0.30901712 0.0 -0.04894346 6.0 0.0
0.47552827 2.0 -0.15450847 -0.30901712 0.0 0.04894346 0.0 6.0
0.5 2.0 8.742278E-8 -0.30901712 0.0 0.04894346 6.0 6.0
0.5 0.0 8.742278E-8 -0.30901712 0.0 0.04894346 6.0 0.0
