0.0 2.0 0.0 0.0 0.0 -0.6 0.0 2.0
0.0 0.0 0.0 0.0 0.0 -0.6 0.0 0.0
0.3 0.0 0.0 0.0 0.0 -0.6 0.3 0.0
0.0 2.0 0.0 0.0 0.0 0.6 0.0 2.0
0.3 2.0 0.0 0.0 0.0 0.6 0.3 2.0
0.3 0.0 0.0 0.0 0.0 0.6 0.3 0.0
0.3 2.0 0.0 0.0 0.0 -0.45 0.3 2.0
0.3 1.1 0.0 0.0 0.0 -0.45 0.3 1.1
0.8 1.1 0.0 0.0 0.0 -0.45 0.8 1.1
0.3 2.0 0.0 0.0 0.0 0.45 0.3 2.0
0.8 2.0 0.0 0.0 0.0 0.45 0.8 2.0
0.8 1.1 0.0 0.0 0.0 0.45 0.8 1.1
0.3 0.6 0.0 0.0 0.0 -0.3 0.3 0.6
0.3 0.0 0.0 0.0 0.0 -0.3 0.3 0.0
0.8 0.0 0.0 0.0 0.0 -0.3 0.8 0.0
0.3 0.6 0.0 0.0 0.0 0.3 0.3 0.6
0.8 0.6 0.0 0.0 0.0 0.3 0.8 0.6
0.8 0.0 0.0 0.0 0.0 0.3 0.8 0.0
0.8 2.0 0.0 0.0 0.0 -10.4 0.8 2.0
0.8 0.0 0.0 0.0 0.0 -10.4 0.8 0.0
6.0 0.0 0.0 0.0 0.0 -10.4 6.0 0.0
0.8 2.0 0.0 0.0 0.0 10.4 0.8 2.0
6.0 2.0 0.0 0.0 0.0 10.4 6.0 2.0
6.0 0.0 0.0 0.0 0.0 10.4 6.0 0.0
0.0 2.0 0.0 8.0 0.0 0.0 0.0 2.0
0.0 0.0 0.0 8.0 0.0 0.0 0.0 0.0
0.0 0.0 4.0 8.0 0.0 0.0 4.0 0.0
0.0 2.0 0.0 -8.0 -0.0 -0.0 0.0 2.0
0.0 2.0 4.0 -8.0 -0.0 -0.0 4.0 2.0
0.0 0.0 4.0 -8.0 -0.0 -0.0 4.0 0.0
6.0 2.0 0.0 8.0 0.0 0.0 0.0 2.0
6.0 0.0 0.0 8.0 0.0 0.0 0.0 0.0
6.0 0.0 4.0 8.0 0.0 0.0 4.0 0.0
6.0 2.0 0.0 -8.0 -0.0 -0.0 0.0 2.0
6.0 2.0 4.0 -8.0 -0.0 -0.0 4.0 2.0
6.0 0.0 4.0 -8.0 -0.0 -0.0 4.0 0.0
0.0 2.0 4.0 0.0 0.0 -12.0 0.0 2.0
0.0 0.0 4.0 0.0 0.0 -12.0 0.0 0.0
6.0 0.0 4.0 0.0 0.0 -12.0 6.0 0.0
0.0 2.0 4.0 0.0 0.0 12.0 0.0 2.0
6.0 2.0 4.0 0.0 0.0 12.0 6.0 2.0
6.0 0.0 4.0 0.0 0.0 12.0 6.0 0.0
0.0 2.0 4.0 0.0 0.0 -0.6 0.0 2.0
0.0 0.0 4.0 0.0 0.0 -0.6 0.0 0.0
0.3 0.0 4.0 0.0 0.0 -0.6 0.3 0.0
0.0 2.0 4.0 0.0 0.0 0.6 0.0 2.0
0.3 2.0 4.0 0.0 0.0 0.6 0.3 2.0
0.3 0.0 4.0 0.0 0.0 0.6 0.3 0.0
0.3 2.0 4.0 0.0 0.0 -0.45 0.3 2.0
0.3 1.1 4.0 0.0 0.0 -0.45 0.3 1.1
0.8 1.1 4.0 0.0 0.0 -0.45 0.8 1.1
0.3 2.0 4.0 0.0 0.0 0.45 0.3 2.0
0.8 2.0 4.0 0.0 0.0 0.45 0.8 2.0
0.8 1.1 4.0 0.0 0.0 0.45 0.8 1.1
0.3 0.6 4.0 0.0 0.0 -0.3 0.3 0.6
0.3 0.0 4.0 0.0 0.0 -0.3 0.3 0.0
0.8 0.0 4.0 0.0 0.0 -0.3 0.8 0.0
0.3 0.6 4.0 0.0 0.0 0.3 0.3 0.6
0.8 0.6 4.0 0.0 0.0 0.3 0.8 0.6
0.8 0.0 4.0 0.0 0.0 0.3 0.8 0.0
0.8 2.0 4.0 0.0 0.0 -4.4 0.8 2.0
0.8 0.0 4.0 0.0 0.0 -4.4 0.8 0.0
3.0 0.0 4.0 0.0 0.0 -4.4 3.0 0.0
0.8 2.0 4.0 0.0 0.0 4.4 0.8 2.0
3.0 2.0 4.0 0.0 0.0 4.4 3.0 2.0
3.0 0.0 4.0 0.0 0.0 4.4 3.0 0.0
0.0 2.0 4.0 8.0 0.0 0.0 0.0 2.0
0.0 0.0 4.0 8.0 0.0 0.0 0.0 0.0
0.0 0.0 8.0 8.0 0.0 0.0 4.0 0.0
0.0 2.0 4.0 -8.0 -0.0 -0.0 0.0 2.0
0.0 2.0 8.0 -8.0 -0.0 -0.0 4.0 2.0
0.0 0.0 8.0 -8.0 -0.0 -0.0 4.0 0.0
3.0 2.0 4.0 8.0 0.0 0.0 0.0 2.0
3.0 0.0 4.0 8.0 0.0 0.0 0.0 0.0
3.0 0.0 8.0 8.0 0.0 0.0 4.0 0.0
3.0 2.0 4.0 -8.0 -0.0 -0.0 0.0 2.0
3.0 2.0 8.0 -8.0 -0.0 -0.0 4.0 2.0
3.0 0.0 8.0 -8.0 -0.0 -0.0 4.0 0.0
0.0 2.0 8.0 0.0 0.0 -6.0 0.0 2.0
0.0 0.0 8.0 0.0 0.0 -6.0 0.0 0.0
3.0 0.0 8.0 0.0 0.0 -6.0 3.0 0.0
0.0 2.0 8.0 0.0 0.0 6.0 0.0 2.0
3.0 2.0 8.0 0.0 0.0 6.0 3.0 2.0
3.0 0.0 8.0 0.0 0.0 6.0 3.0 0.0
0.0 2.0 8.0 0.0 0.0 -0.6 0.0 2.0
0.0 0.0 8.0 0.0 0.0 -0.6 0.0 0.0
0.3 0.0 8.0 0.0 0.0 -0.6 0.3 0.0
0.0 2.0 8.0 0.0 0.0 0.6 0.0 2.0
0.3 2.0 8.0 0.0 0.0 0.6 0.3 2.0
0.3 0.0 8.0 0.0 0.0 0.6 0.3 0.0
0.3 2.0 8.0 0.0 0.0 -0.45 0.3 2.0
0.3 1.1 8.0 0.0 0.0 -0.45 0.3 1.1
0.8 1.1 8.0 0.0 0.0 -0.45 0.8 1.1
0.3 2.0 8.0 0.0 0.0 0.45 0.3 2.0
0.8 2.0 8.0 0.0 0.0 0.45 0.8 2.0
0.8 1.1 8.0 0.0 0.0 0.45 0.8 1.1
0.3 0.6 8.0 0.0 0.0 -0.3 0.3 0.6
0.3 0.0 8.0 0.0 0.0 -0.3 0.3 0.0
0.8 0.0 8.0 0.0 0.0 -0.3 0.8 0.0
0.3 0.6 8.0 0.0 0.0 0.3 0.3 0.6
0.8 0.6 8.0 0.0 0.0 0.3 0.8 0.6
0.8 0.0 8.0 0.0 0.0 0.3 0.8 0.0
0.8 2.0 8.0 0.0 0.0 -4.4 0.8 2.0
0.8 0.0 8.0 0.0 0.0 -4.4 0.8 0.0
3.0 0.0 8.0 0.0 0.0 -4.4 3.0 0.0
0.8 2.0 8.0 0.0 0.0 4.4 0.8 2.0
3.0 2.0 8.0 0.0 0.0 4.4 3.0 2.0
3.0 0.0 8.0 0.0 0.0 4.4 3.0 0.0
0.0 2.0 8.0 8.0 0.0 0.0 0.0 2.0
0.0 0.0 8.0 8.0 0.0 0.0 0.0 0.0
0.0 0.0 12.0 8.0 0.0 0.0 4.0 0.0
0.0 2.0 8.0 -8.0 -0.0 -0.0 0.0 2.0
0.0 2.0 12.0 -8.0 -0.0 -0.0 4.0 2.0
0.0 0.0 12.0 -8.0 -0.0 -0.0 4.0 0.0
3.0 2.0 8.0 8.0 0.0 0.0 0.0 2.0
3.0 0.0 8.0 8.0 0.0 0.0 0.0 0.0
3.0 0.0 12.0 8.0 0.0 0.0 4.0 0.0
3.0 2.0 8.0 -8.0 -0.0 -0.0 0.0 2.0
3.0 2.0 12.0 -8.0 -0.0 -0.0 4.0 2.0
3.0 0.0 12.0 -8.0 -0.0 -0.0 4.0 0.0
0.0 2.0 12.0 0.0 0.0 -6.0 0.0 2.0
0.0 0.0 12.0 0.0 0.0 -6.0 0.0 0.0
3.0 0.0 12.0 0.0 0.0 -6.0 3.0 0.0
0.0 2.0 12.0 0.0 0.0 6.0 0.0 2.0
3.0 2.0 12.0 0.0 0.0 6.0 3.0 2.0
3.0 0.0 12.0 0.0 0.0 6.0 3.0 0.0
0.0 2.0 12.0 0.0 0.0 -0.6 0.0 2.0
0.0 0.0 12.0 0.0 0.0 -0.6 0.0 0.0
0.3 0.0 12.0 0.0 0.0 -0.6 0.3 0.0
0.0 2.0 12.0 0.0 0.0 0.6 0.0 2.0
0.3 2.0 12.0 0.0 0.0 0.6 0.3 2.0
0.3 0.0 12.0 0.0 0.0 0.6 0.3 0.0
0.3 2.0 12.0 0.0 0.0 -0.45 0.3 2.0
0.3 1.1 12.0 0.0 0.0 -0.45 0.3 1.1
0.8 1.1 12.0 0.0 0.0 -0.45 0.8 1.1
0.3 2.0 12.0 0.0 0.0 0.45 0.3 2.0
0.8 2.0 12.0 0.0 0.0 0.45 0.8 2.0
0.8 1.1 12.0 0.0 0.0 0.45 0.8 1.1
0.3 0.6 12.0 0.0 0.0 -0.3 0.3 0.6
0.3 0.0 12.0 0.0 0.0 -0.3 0.3 0.0
0.8 0.0 12.0 0.0 0.0 -0.3 0.8 0.0
0.3 0.6 12.0 0.0 0.0 0.3 0.3 0.6
0.8 0.6 12.0 0.0 0.0 0.3 0.8 0.6
0.8 0.0 12.0 0.0 0.0 0.3 0.8 0.0
0.8 2.0 12.0 0.0 0.0 -4.4 0.8 2.0
0.8 0.0 12.0 0.0 0.0 -4.4 0.8 0.0
3.0 0.0 12.0 0.0 0.0 -4.4 3.0 0.0
0.8 2.0 12.0 0.0 0.0 4.4 0.8 2.0
3.0 2.0 12.0 0.0 0.0 4.4 3.0 2.0
3.0 0.0 12.0 0.0 0.0 4.4 3.0 0.0
0.0 2.0 12.0 8.0 0.0 0.0 0.0 2.0
0.0 0.0 12.0 8.0 0.0 0.0 0.0 0.0
0.0 0.0 16.0 8.0 0.0 0.0 4.0 0.0
0.0 2.0 12.0 -8.0 -0.0 -0.0 0.0 2.0
0.0 2.0 16.0 -8.0 -0.0 -0.0 4.0 2.0
0.0 0.0 16.0 -8.0 -0.0 -0.0 4.0 0.0
3.0 2.0 12.0 8.0 0.0 0.0 0.0 2.0
3.0 0.0 12.0 8.0 0.0 0.0 0.0 0.0
3.0 0.0 16.0 8.0 0.0 0.0 4.0 0.0
3.0 2.0 12.0 -8.0 -0.0 -0.0 0.0 2.0
3.0 2.0 16.0 -8.0 -0.0 -0.0 4.0 2.0
3.0 0.0 16.0 -8.0 -0.0 -0.0 4.0 0.0
0.0 2.0 16.0 0.0 0.0 -6.0 0.0 2.0
0.0 0.0 16.0 0.0 0.0 -6.0 0.0 0.0
3.0 0.0 16.0 0.0 0.0 -6.0 3.0 0.0
0.0 2.0 16.0 0.0 0.0 6.0 0.0 2.0
3.0 2.0 16.0 0.0 0.0 6.0 3.0 2.0
3.0 0.0 16.0 0.0 0.0 6.0 3.0 0.0
0.0 2.0 16.0 0.0 0.0 -0.6 0.0 2.0
0.0 0.0 16.0 0.0 0.0 -0.6 0.0 0.0
0.3 0.0 16.0 0.0 0.0 -0.6 0.3 0.0
0.0 2.0 16.0 0.0 0.0 0.6 0.0 2.0
0.3 2.0 16.0 0.0 0.0 0.6 0.3 2.0
0.3 0.0 16.0 0.0 0.0 0.6 0.3 0.0
0.3 2.0 16.0 0.0 0.0 -0.45 0.3 2.0
0.3 1.1 16.0 0.0 0.0 -0.45 0.3 1.1
0.8 1.1 16.0 0.0 0.0 -0.45 0.8 1.1
0.3 2.0 16.0 0.0 0.0 0.45 0.3 2.0
0.8 2.0 16.0 0.0 0.0 0.45 0.8 2.0
0.8 1.1 16.0 0.0 0.0 0.45 0.8 1.1
0.3 0.6 16.0 0.0 0.0 -0.3 0.3 0.6
0.3 0.0 16.0 0.0 0.0 -0.3 0.3 0.0
0.8 0.0 16.0 0.0 0.0 -0.3 0.8 0.0
0.3 0.6 16.0 0.0 0.0 0.3 0.3 0.6
0.8 0.6 16.0 0.0 0.0 0.3 0.8 0.6
0.8 0.0 16.0 0.0 0.0 0.3 0.8 0.0
0.8 2.0 16.0 0.0 0.0 -4.4 0.8 2.0
0.8 0.0 16.0 0.0 0.0 -4.4 0.8 0.0
3.0 0.0 16.0 0.0 0.0 -4.4 3.0 0.0
0.8 2.0 16.0 0.0 0.0 4.4 0.8 2.0
3.0 2.0 16.0 0.0 0.0 4.4 3.0 2.0
3.0 0.0 16.0 0.0 0.0 4.4 3.0 0.0
0.0 2.0 16.0 8.0 0.0 0.0 0.0 2.0
0.0 0.0 16.0 8.0 0.0 0.0 0.0 0.0
0.0 0.0 20.0 8.0 0.0 0.0 4.0 0.0
0.0 2.0 16.0 -8.0 -0.0 -0.0 0.0 2.0
0.0 2.0 20.0 -8.0 -0.0 -0.0 4.0 2.0
0.0 0.0 20.0 -8.0 -0.0 -0.0 4.0 0.0
3.0 2.0 16.0 8.0 0.0 0.0 0.0 2.0
3.0 0.0 16.0 8.0 0.0 0.0 0.0 0.0
3.0 0.0 20.0 8.0 0.0 0.0 4.0 0.0
3.0 2.0 16.0 -8.0 -0.0 -0.0 0.0 2.0
3.0 2.0 20.0 -8.0 -0.0 -0.0 4.0 2.0
3.0 0.0 20.0 -8.0 -0.0 -0.0 4.0 0.0
0.0 2.0 20.0 0.0 0.0 -6.0 0.0 2.0
0.0 0.0 20.0 0.0 0.0 -6.0 0.0 0.0
3.0 0.0 20.0 0.0 0.0 -6.0 3.0 0.0
0.0 2.0 20.0 0.0 0.0 6.0 0.0 2.0
3.0 2.0 20.0 0.0 0.0 6.0 3.0 2.0
3.0 0.0 20.0 0.0 0.0 6.0 3.0 0.0
0.0 2.0 20.0 0.0 0.0 -0.6 0.0 2.0
0.0 0.0 20.0 0.0 0.0 -0.6 0.0 0.0
0.3 0.0 20.0 0.0 0.0 -0.6 0.3 0.0
0.0 2.0 20.0 0.0 0.0 0.6 0.0 2.0
0.3 2.0 20.0 0.0 0.0 0.6 0.3 2.0
0.3 0.0 20.0 0.0 0.0 0.6 0.3 0.0
0.3 2.0 20.0 0.0 0.0 -0.45 0.3 2.0
0.3 1.1 20.0 0.0 0.0 -0.45 0.3 1.1
0.8 1.1 20.0 0.0 0.0 -0.45 0.8 1.1
0.3 2.0 20.0 0.0 0.0 0.45 0.3 2.0
0.8 2.0 20.0 0.0 0.0 0.45 0.8 2.0
0.8 1.1 20.0 0.0 0.0 0.45 0.8 1.1
0.3 0.6 20.0 0.0 0.0 -0.3 0.3 0.6
0.3 0.0 20.0 0.0 0.0 -0.3 0.3 0.0
0.8 0.0 20.0 0.0 0.0 -0.3 0.8 0.0
0.3 0.6 20.0 0.0 0.0 0.3 0.3 0.6
0.8 0.6 20.0 0.0 0.0 0.3 0.8 0.6
0.8 0.0 20.0 0.0 0.0 0.3 0.8 0.0
0.8 2.0 20.0 0.0 0.0 -4.4 0.8 2.0
0.8 0.0 20.0 0.0 0.0 -4.4 0.8 0.0
3.0 0.0 20.0 0.0 0.0 -4.4 3.0 0.0
0.8 2.0 20.0 0.0 0.0 4.4 0.8 2.0
3.0 2.0 20.0 0.0 0.0 4.4 3.0 2.0
3.0 0.0 20.0 0.0 0.0 4.4 3.0 0.0
0.0 2.0 20.0 8.0 0.0 0.0 0.0 2.0
0.0 0.0 20.0 8.0 0.0 0.0 0.0 0.0
0.0 0.0 24.0 8.0 0.0 0.0 4.0 0.0
0.0 2.0 20.0 -8.0 -0.0 -0.0 0.0 2.0
0.0 2.0 24.0 -8.0 -0.0 -0.0 4.0 2.0
0.0 0.0 24.0 -8.0 -0.0 -0.0 4.0 0.0
3.0 2.0 20.0 8.0 0.0 0.0 0.0 2.0
3.0 0.0 20.0 8.0 0.0 0.0 0.0 0.0
3.0 0.0 24.0 8.0 0.0 0.0 4.0 0.0
3.0 2.0 20.0 -8.0 -0.0 -0.0 0.0 2.0
3.0 2.0 24.0 -8.0 -0.0 -0.0 4.0 2.0
3.0 0.0 24.0 -8.0 -0.0 -0.0 4.0 0.0
0.0 2.0 24.0 0.0 0.0 -6.0 0.0 2.0
0.0 0.0 24.0 0.0 0.0 -6.0 0.0 0.0
3.0 0.0 24.0 0.0 0.0 -6.0 3.0 0.0
0.0 2.0 24.0 0.0 0.0 6.0 0.0 2.0
3.0 2.0 24.0 0.0 0.0 6.0 3.0 2.0
3.0 0.0 24.0 0.0 0.0 6.0 3.0 0.0
0.0 2.0 24.0 0.0 0.0 -0.6 0.0 2.0
0.0 0.0 24.0 0.0 0.0 -0.6 0.0 0.0
0.3 0.0 24.0 0.0 0.0 -0.6 0.3 0.0
0.0 2.0 24.0 0.0 0.0 0.6 0.0 2.0
0.3 2.0 24.0 0.0 0.0 0.6 0.3 2.0
0.3 0.0 24.0 0.0 0.0 0.6 0.3 0.0
0.3 2.0 24.0 0.0 0.0 -0.45 0.3 2.0
0.3 1.1 24.0 0.0 0.0 -0.45 0.3 1.1
0.8 1.1 24.0 0.0 0.0 -0.45 0.8 1.1
0.3 2.0 24.0 0.0 0.0 0.45 0.3 2.0
0.8 2.0 24.0 0.0 0.0 0.45 0.8 2.0
0.8 1.1 24.0 0.0 0.0 0.45 0.8 1.1
0.3 0.6 24.0 0.0 0.0 -0.3 0.3 0.6
0.3 0.0 24.0 0.0 0.0 -0.3 0.3 0.0
0.8 0.0 24.0 0.0 0.0 -0.3 0.8 0.0
0.3 0.6 24.0 0.0 0.0 0.3 0.3 0.6
0.8 0.6 24.0 0.0 0.0 0.3 0.8 0.6
0.8 0.0 24.0 0.0 0.0 0.3 0.8 0.0
0.8 2.0 24.0 0.0 0.0 -10.4 0.8 2.0
0.8 0.0 24.0 0.0 0.0 -10.4 0.8 0.0
6.0 0.0 24.0 0.0 0.0 -10.4 6.0 0.0
0.8 2.0 24.0 0.0 0.0 10.4 0.8 2.0
6.0 2.0 24.0 0.0 0.0 10.4 6.0 2.0
6.0 0.0 24.0 0.0 0.0 10.4 6.0 0.0
0.0 2.0 24.0 8.0 0.0 0.0 0.0 2.0
0.0 0.0 24.0 8.0 0.0 0.0 0.0 0.0
0.0 0.0 28.0 8.0 0.0 0.0 4.0 0.0
0.0 2.0 24.0 -8.0 -0.0 -0.0 0.0 2.0
0.0 2.0 28.0 -8.0 -0.0 -0.0 4.0 2.0
0.0 0.0 28.0 -8.0 -0.0 -0.0 4.0 0.0
6.0 2.0 24.0 8.0 0.0 0.0 0.0 2.0
6.0 0.0 24.0 8.0 0.0 0.0 0.0 0.0
6.0 0.0 28.0 8.0 0.0 0.0 4.0 0.0
6.0 2.0 24.0 -8.0 -0.0 -0.0 0.0 2.0
6.0 2.0 28.0 -8.0 -0.0 -0.0 4.0 2.0
6.0 0.0 28.0 -8.0 -0.0 -0.0 4.0 0.0
0.0 2.0 28.0 0.0 0.0 -12.0 0.0 2.0
0.0 0.0 28.0 0.0 0.0 -12.0 0.0 0.0
6.0 0.0 28.0 0.0 0.0 -12.0 6.0 0.0
0.0 2.0 28.0 0.0 0.0 12.0 0.0 2.0
6.0 2.0 28.0 0.0 0.0 12.0 6.0 2.0
6.0 0.0 28.0 0.0 0.0 12.0 6.0 0.0
6.0 2.0 0.0 0.0 0.0 -0.6000004 0.0 2.0
6.0 0.0 0.0 0.0 0.0 -0.6000004 0.0 0.0
6.3 0.0 0.0 0.0 0.0 -0.6000004 0.3000002 0.0
6.0 2.0 0.0 0.0 0.0 0.6000004 0.0 2.0
6.3 2.0 0.0 0.0 0.0 0.6000004 0.3000002 2.0
6.3 0.0 0.0 0.0 0.0 0.6000004 0.3000002 0.0
6.3 2.0 0.0 0.0 0.0 -0.45 0.3000002 2.0
6.3 1.1 0.0 0.0 0.0 -0.45 0.3000002 1.1
6.8 1.1 0.0 0.0 0.0 -0.45 0.8000002 1.1
6.3 2.0 0.0 0.0 0.0 0.45 0.3000002 2.0
6.8 2.0 0.0 0.0 0.0 0.45 0.8000002 2.0
6.8 1.1 0.0 0.0 0.0 0.45 0.8000002 1.1
6.3 0.6 0.0 0.0 0.0 -0.3 0.3000002 0.6
6.3 0.0 0.0 0.0 0.0 -0.3 0.3000002 0.0
6.8 0.0 0.0 0.0 0.0 -0.3 0.8000002 0.0
6.3 0.6 0.0 0.0 0.0 0.3 0.3000002 0.6
6.8 0.6 0.0 0.0 0.0 0.3 0.8000002 0.6
6.8 0.0 0.0 0.0 0.0 0.3 0.8000002 0.0
6.8 2.0 0.0 0.0 0.0 -4.3999996 0.8000002 2.0
6.8 0.0 0.0 0.0 0.0 -4.3999996 0.8000002 0.0
9.0 0.0 0.0 0.0 0.0 -4.3999996 3.0 0.0
6.8 2.0 0.0 0.0 0.0 4.3999996 0.8000002 2.0
9.0 2.0 0.0 0.0 0.0 4.3999996 3.0 2.0
9.0 0.0 0.0 0.0 0.0 4.3999996 3.0 0.0
6.0 2.0 0.0 8.0 0.0 0.0 0.0 2.0
6.0 0.0 0.0 8.0 0.0 0.0 0.0 0.0
6.0 0.0 4.0 8.0 0.0 0.0 4.0 0.0
6.0 2.0 0.0 -8.0 -0.0 -0.0 0.0 2.0
6.0 2.0 4.0 -8.0 -0.0 -0.0 4.0 2.0
6.0 0.0 4.0 -8.0 -0.0 -0.0 4.0 0.0
9.0 2.0 0.0 8.0 0.0 0.0 0.0 2.0
9.0 0.0 0.0 8.0 0.0 0.0 0.0 0.0
9.0 0.0 4.0 8.0 0.0 0.0 4.0 0.0
9.0 2.0 0.0 -8.0 -0.0 -0.0 0.0 2.0
9.0 2.0 4.0 -8.0 -0.0 -0.0 4.0 2.0
9.0 0.0 4.0 -8.0 -0.0 -0.0 4.0 0.0
6.0 2.0 4.0 0.0 0.0 -6.0 0.0 2.0
6.0 0.0 4.0 0.0 0.0 -6.0 0.0 0.0
9.0 0.0 4.0 0.0 0.0 -6.0 3.0 0.0
6.0 2.0 4.0 0.0 0.0 6.0 0.0 2.0
9.0 2.0 4.0 0.0 0.0 6.0 3.0 2.0
9.0 0.0 4.0 0.0 0.0 6.0 3.0 0.0
6.0 2.0 8.0 0.0 0.0 -0.6000004 0.0 2.0
6.0 0.0 8.0 0.0 0.0 -0.6000004 0.0 0.0
6.3 0.0 8.0 0.0 0.0 -0.6000004 0.3000002 0.0
6.0 2.0 8.0 0.0 0.0 0.6000004 0.0 2.0
6.3 2.0 8.0 0.0 0.0 0.6000004 0.3000002 2.0
6.3 0.0 8.0 0.0 0.0 0.6000004 0.3000002 0.0
6.3 2.0 8.0 0.0 0.0 -0.45 0.3000002 2.0
6.3 1.1 8.0 0.0 0.0 -0.45 0.3000002 1.1
6.8 1.1 8.0 0.0 0.0 -0.45 0.8000002 1.1
6.3 2.0 8.0 0.0 0.0 0.45 0.3000002 2.0
6.8 2.0 8.0 0.0 0.0 0.45 0.8000002 2.0
6.8 1.1 8.0 0.0 0.0 0.45 0.8000002 1.1
6.3 0.6 8.0 0.0 0.0 -0.3 0.3000002 0.6
6.3 0.0 8.0 0.0 0.0 -0.3 0.3000002 0.0
6.8 0.0 8.0 0.0 0.0 -0.3 0.8000002 0.0
6.3 0.6 8.0 0.0 0.0 0.3 0.3000002 0.6
6.8 0.6 8.0 0.0 0.0 0.3 0.8000002 0.6
6.8 0.0 8.0 0.0 0.0 0.3 0.8000002 0.0
6.8 2.0 8.0 0.0 0.0 -4.3999996 0.8000002 2.0
6.8 0.0 8.0 0.0 0.0 -4.3999996 0.8000002 0.0
9.0 0.0 8.0 0.0 0.0 -4.3999996 3.0 0.0
6.8 2.0 8.0 0.0 0.0 4.3999996 0.8000002 2.0
9.0 2.0 8.0 0.0 0.0 4.3999996 3.0 2.0
9.0 0.0 8.0 0.0 0.0 4.3999996 3.0 0.0
6.0 2.0 8.0 8.0 0.0 0.0 0.0 2.0
6.0 0.0 8.0 8.0 0.0 0.0 0.0 0.0
6.0 0.0 12.0 8.0 0.0 0.0 4.0 0.0
6.0 2.0 8.0 -8.0 -0.0 -0.0 0.0 2.0
6.0 2.0 12.0 -8.0 -0.0 -0.0 4.0 2.0
6.0 0.0 12.0 -8.0 -0.0 -0.0 4.0 0.0
9.0 2.0 8.0 8.0 0.0 0.0 0.0 2.0
9.0 0.0 8.0 8.0 0.0 0.0 0.0 0.0
9.0 0.0 12.0 8.0 0.0 0.0 4.0 0.0
9.0 2.0 8.0 -8.0 -0.0 -0.0 0.0 2.0
9.0 2.0 12.0 -8.0 -0.0 -0.0 4.0 2.0
9.0 0.0 12.0 -8.0 -0.0 -0.0 4.0 0.0
6.0 2.0 12.0 0.0 0.0 -6.0 0.0 2.0
6.0 0.0 12.0 0.0 0.0 -6.0 0.0 0.0
9.0 0.0 12.0 0.0 0.0 -6.0 3.0 0.0
6.0 2.0 12.0 0.0 0.0 6.0 0.0 2.0
9.0 2.0 12.0 0.0 0.0 6.0 3.0 2.0
9.0 0.0 12.0 0.0 0.0 6.0 3.0 0.0
6.0 2.0 12.0 0.0 0.0 -0.6000004 0.0 2.0
6.0 0.0 12.0 0.0 0.0 -0.6000004 0.0 0.0
6.3 0.0 12.0 0.0 0.0 -0.6000004 0.3000002 0.0
6.0 2.0 12.0 0.0 0.0 0.6000004 0.0 2.0
6.3 2.0 12.0 0.0 0.0 0.6000004 0.3000002 2.0
6.3 0.0 12.0 0.0 0.0 0.6000004 0.3000002 0.0
6.3 2.0 12.0 0.0 0.0 -0.45 0.3000002 2.0
6.3 1.1 12.0 0.0 0.0 -0.45 0.3000002 1.1
6.8 1.1 12.0 0.0 0.0 -0.45 0.8000002 1.1
6.3 2.0 12.0 0.0 0.0 0.45 0.3000002 2.0
6.8 2.0 12.0 0.0 0.0 0.45 0.8000002 2.0
6.8 1.1 12.0 0.0 0.0 0.45 0.8000002 1.1
6.3 0.6 12.0 0.0 0.0 -0.3 0.3000002 0.6
6.3 0.0 12.0 0.0 0.0 -0.3 0.3000002 0.0
6.8 0.0 12.0 0.0 0.0 -0.3 0.8000002 0.0
6.3 0.6 12.0 0.0 0.0 0.3 0.3000002 0.6
6.8 0.6 12.0 0.0 0.0 0.3 0.8000002 0.6
6.8 0.0 12.0 0.0 0.0 0.3 0.8000002 0.0
6.8 2.0 12.0 0.0 0.0 -4.3999996 0.8000002 2.0
6.8 0.0 12.0 0.0 0.0 -4.3999996 0.8000002 0.0
9.0 0.0 12.0 0.0 0.0 -4.3999996 3.0 0.0
6.8 2.0 12.0 0.0 0.0 4.3999996 0.8000002 2.0
9.0 2.0 12.0 0.0 0.0 4.3999996 3.0 2.0
9.0 0.0 12.0 0.0 0.0 4.3999996 3.0 0.0
6.0 2.0 12.0 8.0 0.0 0.0 0.0 2.0
6.0 0.0 12.0 8.0 0.0 0.0 0.0 0.0
6.0 0.0 16.0 8.0 0.0 0.0 4.0 0.0
6.0 2.0 12.0 -8.0 -0.0 -0.0 0.0 2.0
6.0 2.0 16.0 -8.0 -0.0 -0.0 4.0 2.0
6.0 0.0 16.0 -8.0 -0.0 -0.0 4.0 0.0
9.0 2.0 12.0 8.0 0.0 0.0 0.0 2.0
9.0 0.0 12.0 8.0 0.0 0.0 0.0 0.0
9.0 0.0 16.0 8.0 0.0 0.0 4.0 0.0
9.0 2.0 12.0 -8.0 -0.0 -0.0 0.0 2.0
9.0 2.0 16.0 -8.0 -0.0 -0.0 4.0 2.0
9.0 0.0 16.0 -8.0 -0.0 -0.0 4.0 0.0
6.0 2.0 16.0 0.0 0.0 -6.0 0.0 2.0
6.0 0.0 16.0 0.0 0.0 -6.0 0.0 0.0
9.0 0.0 16.0 0.0 0.0 -6.0 3.0 0.0
6.0 2.0 16.0 0.0 0.0 6.0 0.0 2.0
9.0 2.0 16.0 0.0 0.0 6.0 3.0 2.0
9.0 0.0 16.0 0.0 0.0 6.0 3.0 0.0
6.0 2.0 16.0 0.0 0.0 -0.6000004 0.0 2.0
6.0 0.0 16.0 0.0 0.0 -0.6000004 0.0 0.0
6.3 0.0 16.0 0.0 0.0 -0.6000004 0.3000002 0.0
6.0 2.0 16.0 0.0 0.0 0.6000004 0.0 2.0
6.3 2.0 16.0 0.0 0.0 0.6000004 0.3000002 2.0
6.3 0.0 16.0 0.0 0.0 0.6000004 0.3000002 0.0
6.3 2.0 16.0 0.0 0.0 -0.45 0.3000002 2.0
6.3 1.1 16.0 0.0 0.0 -0.45 0.3000002 1.1
6.8 1.1 16.0 0.0 0.0 -0.45 0.8000002 1.1
6.3 2.0 16.0 0.0 0.0 0.45 0.3000002 2.0
6.8 2.0 16.0 0.0 0.0 0.45 0.8000002 2.0
6.8 1.1 16.0 0.0 0.0 0.45 0.8000002 1.1
6.3 0.6 16.0 0.0 0.0 -0.3 0.3000002 0.6
6.3 0.0 16.0 0.0 0.0 -0.3 0.3000002 0.0
6.8 0.0 16.0 0.0 0.0 -0.3 0.8000002 0.0
6.3 0.6 16.0 0.0 0.0 0.3 0.3000002 0.6
6.8 0.6 16.0 0.0 0.0 0.3 0.8000002 0.6
6.8 0.0 16.0 0.0 0.0 0.3 0.8000002 0.0
6.8 2.0 16.0 0.0 0.0 -4.3999996 0.8000002 2.0
6.8 0.0 16.0 0.0 0.0 -4.3999996 0.8000002 0.0
9.0 0.0 16.0 0.0 0.0 -4.3999996 3.0 0.0
6.8 2.0 16.0 0.0 0.0 4.3999996 0.8000002 2.0
9.0 2.0 16.0 0.0 0.0 4.3999996 3.0 2.0
9.0 0.0 16.0 0.0 0.0 4.3999996 3.0 0.0
6.0 2.0 16.0 8.0 0.0 0.0 0.0 2.0
6.0 0.0 16.0 8.0 0.0 0.0 0.0 0.0
6.0 0.0 20.0 8.0 0.0 0.0 4.0 0.0
6.0 2.0 16.0 -8.0 -0.0 -0.0 0.0 2.0
6.0 2.0 20.0 -8.0 -0.0 -0.0 4.0 2.0
6.0 0.0 20.0 -8.0 -0.0 -0.0 4.0 0.0
9.0 2.0 16.0 8.0 0.0 0.0 0.0 2.0
9.0 0.0 16.0 8.0 0.0 0.0 0.0 0.0
9.0 0.0 20.0 8.0 0.0 0.0 4.0 0.0
9.0 2.0 16.0 -8.0 -0.0 -0.0 0.0 2.0
9.0 2.0 20.0 -8.0 -0.0 -0.0 4.0 2.0
9.0 0.0 20.0 -8.0 -0.0 -0.0 4.0 0.0
6.0 2.0 20.0 0.0 0.0 -6.0 0.0 2.0
6.0 0.0 20.0 0.0 0.0 -6.0 0.0 0.0
9.0 0.0 20.0 0.0 0.0 -6.0 3.0 0.0
6.0 2.0 20.0 0.0 0.0 6.0 0.0 2.0
9.0 2.0 20.0 0.0 0.0 6.0 3.0 2.0
9.0 0.0 20.0 0.0 0.0 6.0 3.0 0.0
6.0 2.0 24.0 0.0 0.0 -0.6000004 0.0 2.0
6.0 0.0 24.0 0.0 0.0 -0.6000004 0.0 0.0
6.3 0.0 24.0 0.0 0.0 -0.6000004 0.3000002 0.0
6.0 2.0 24.0 0.0 0.0 0.6000004 0.0 2.0
6.3 2.0 24.0 0.0 0.0 0.6000004 0.3000002 2.0
6.3 0.0 24.0 0.0 0.0 0.6000004 0.3000002 0.0
6.3 2.0 24.0 0.0 0.0 -0.45 0.3000002 2.0
6.3 1.1 24.0 0.0 0.0 -0.45 0.3000002 1.1
6.8 1.1 24.0 0.0 0.0 -0.45 0.8000002 1.1
6.3 2.0 24.0 0.0 0.0 0.45 0.3000002 2.0
6.8 2.0 24.0 0.0 0.0 0.45 0.8000002 2.0
6.8 1.1 24.0 0.0 0.0 0.45 0.8000002 1.1
6.3 0.6 24.0 0.0 0.0 -0.3 0.3000002 0.6
6.3 0.0 24.0 0.0 0.0 -0.3 0.3000002 0.0
6.8 0.0 24.0 0.0 0.0 -0.3 0.8000002 0.0
6.3 0.6 24.0 0.0 0.0 0.3 0.3000002 0.6
6.8 0.6 24.0 0.0 0.0 0.3 0.8000002 0.6
6.8 0.0 24.0 0.0 0.0 0.3 0.8000002 0.0
6.8 2.0 24.0 0.0 0.0 -4.3999996 0.8000002 2.0
6.8 0.0 24.0 0.0 0.0 -4.3999996 0.8000002 0.0
9.0 0.0 24.0 0.0 0.0 -4.3999996 3.0 0.0
6.8 2.0 24.0 0.0 0.0 4.3999996 0.8000002 2.0
9.0 2.0 24.0 0.0 0.0 4.3999996 3.0 2.0
9.0 0.0 24.0 0.0 0.0 4.3999996 3.0 0.0
6.0 2.0 24.0 8.0 0.0 0.0 0.0 2.0
6.0 0.0 24.0 8.0 0.0 0.0 0.0 0.0
6.0 0.0 28.0 8.0 0.0 0.0 4.0 0.0
6.0 2.0 24.0 -8.0 -0.0 -0.0 0.0 2.0
6.0 2.0 28.0 -8.0 -0.0 -0.0 4.0 2.0
6.0 0.0 28.0 -8.0 -0.0 -0.0 4.0 0.0
9.0 2.0 24.0 8.0 0.0 0.0 0.0 2.0
9.0 0.0 24.0 8.0 0.0 0.0 0.0 0.0
9.0 0.0 28.0 8.0 0.0 0.0 4.0 0.0
9.0 2.0 24.0 -8.0 -0.0 -0.0 0.0 2.0
9.0 2.0 28.0 -8.0 -0.0 -0.0 4.0 2.0
9.0 0.0 28.0 -8.0 -0.0 -0.0 4.0 0.0
6.0 2.0 28.0 0.0 0.0 -6.0 0.0 2.0
6.0 0.0 28.0 0.0 0.0 -6.0 0.0 0.0
9.0 0.0 28.0 0.0 0.0 -6.0 3.0 0.0
6.0 2.0 28.0 0.0 0.0 6.0 0.0 2.0
9.0 2.0 28.0 0.0 0.0 6.0 3.0 2.0
9.0 0.0 28.0 0.0 0.0 6.0 3.0 0.0
9.0 2.0 0.0 0.0 0.0 -0.6000004 0.0 2.0
9.0 0.0 0.0 0.0 0.0 -0.6000004 0.0 0.0
9.3 0.0 0.0 0.0 0.0 -0.6000004 0.3000002 0.0
9.0 2.0 0.0 0.0 0.0 0.6000004 0.0 2.0
9.3 2.0 0.0 0.0 0.0 0.6000004 0.3000002 2.0
9.3 0.0 0.0 0.0 0.0 0.6000004 0.3000002 0.0
9.3 2.0 0.0 0.0 0.0 -0.45 0.3000002 2.0
9.3 1.1 0.0 0.0 0.0 -0.45 0.3000002 1.1
9.8 1.1 0.0 0.0 0.0 -0.45 0.8000002 1.1
9.3 2.0 0.0 0.0 0.0 0.45 0.3000002 2.0
9.8 2.0 0.0 0.0 0.0 0.45 0.8000002 2.0
9.8 1.1 0.0 0.0 0.0 0.45 0.8000002 1.1
9.3 0.6 0.0 0.0 0.0 -0.3 0.3000002 0.6
9.3 0.0 0.0 0.0 0.0 -0.3 0.3000002 0.0
9.8 0.0 0.0 0.0 0.0 -0.3 0.8000002 0.0
9.3 0.6 0.0 0.0 0.0 0.3 0.3000002 0.6
9.8 0.6 0.0 0.0 0.0 0.3 0.8000002 0.6
9.8 0.0 0.0 0.0 0.0 0.3 0.8000002 0.0
9.8 2.0 0.0 0.0 0.0 -4.3999996 0.8000002 2.0
9.8 0.0 0.0 0.0 0.0 -4.3999996 0.8000002 0.0
12.0 0.0 0.0 0.0 0.0 -4.3999996 3.0 0.0
9.8 2.0 0.0 0.0 0.0 4.3999996 0.8000002 2.0
12.0 2.0 0.0 0.0 0.0 4.3999996 3.0 2.0
12.0 0.0 0.0 0.0 0.0 4.3999996 3.0 0.0
9.0 2.0 0.0 8.0 0.0 0.0 0.0 2.0
9.0 0.0 0.0 8.0 0.0 0.0 0.0 0.0
9.0 0.0 4.0 8.0 0.0 0.0 4.0 0.0
9.0 2.0 0.0 -8.0 -0.0 -0.0 0.0 2.0
9.0 2.0 4.0 -8.0 -0.0 -0.0 4.0 2.0
9.0 0.0 4.0 -8.0 -0.0 -0.0 4.0 0.0
12.0 2.0 0.0 8.0 0.0 0.0 0.0 2.0
12.0 0.0 0.0 8.0 0.0 0.0 0.0 0.0
12.0 0.0 4.0 8.0 0.0 0.0 4.0 0.0
12.0 2.0 0.0 -8.0 -0.0 -0.0 0.0 2.0
12.0 2.0 4.0 -8.0 -0.0 -0.0 4.0 2.0
12.0 0.0 4.0 -8.0 -0.0 -0.0 4.0 0.0
9.0 2.0 4.0 0.0 0.0 -6.0 0.0 2.0
9.0 0.0 4.0 0.0 0.0 -6.0 0.0 0.0
12.0 0.0 4.0 0.0 0.0 -6.0 3.0 0.0
9.0 2.0 4.0 0.0 0.0 6.0 0.0 2.0
12.0 2.0 4.0 0.0 0.0 6.0 3.0 2.0
12.0 0.0 4.0 0.0 0.0 6.0 3.0 0.0
9.0 2.0 24.0 0.0 0.0 -0.6000004 0.0 2.0
9.0 0.0 24.0 0.0 0.0 -0.6000004 0.0 0.0
9.3 0.0 24.0 0.0 0.0 -0.6000004 0.3000002 0.0
9.0 2.0 24.0 0.0 0.0 0.6000004 0.0 2.0
9.3 2.0 24.0 0.0 0.0 0.6000004 0.3000002 2.0
9.3 0.0 24.0 0.0 0.0 0.6000004 0.3000002 0.0
9.3 2.0 24.0 0.0 0.0 -0.45 0.3000002 2.0
9.3 1.1 24.0 0.0 0.0 -0.45 0.3000002 1.1
9.8 1.1 24.0 0.0 0.0 -0.45 0.8000002 1.1
9.3 2.0 24.0 0.0 0.0 0.45 0.3000002 2.0
9.8 2.0 24.0 0.0 0.0 0.45 0.8000002 2.0
9.8 1.1 24.0 0.0 0.0 0.45 0.8000002 1.1
9.3 0.6 24.0 0.0 0.0 -0.3 0.3000002 0.6
9.3 0.0 24.0 0.0 0.0 -0.3 0.3000002 0.0
9.8 0.0 24.0 0.0 0.0 -0.3 0.8000002 0.0
9.3 0.6 24.0 0.0 0.0 0.3 0.3000002 0.6
9.8 0.6 24.0 0.0 0.0 0.3 0.8000002 0.6
9.8 0.0 24.0 0.0 0.0 0.3 0.8000002 0.0
9.8 2.0 24.0 0.0 0.0 -4.3999996 0.8000002 2.0
9.8 0.0 24.0 0.0 0.0 -4.3999996 0.8000002 0.0
12.0 0.0 24.0 0.0 0.0 -4.3999996 3.0 0.0
9.8 2.0 24.0 0.0 0.0 4.3999996 0.8000002 2.0
12.0 2.0 24.0 0.0 0.0 4.3999996 3.0 2.0
12.0 0.0 24.0 0.0 0.0 4.3999996 3.0 0.0
9.0 2.0 24.0 8.0 0.0 0.0 0.0 2.0
9.0 0.0 24.0 8.0 0.0 0.0 0.0 0.0
9.0 0.0 28.0 8.0 0.0 0.0 4.0 0.0
9.0 2.0 24.0 -8.0 -0.0 -0.0 0.0 2.0
9.0 2.0 28.0 -8.0 -0.0 -0.0 4.0 2.0
9.0 0.0 28.0 -8.0 -0.0 -0.0 4.0 0.0
12.0 2.0 24.0 8.0 0.0 0.0 0.0 2.0
12.0 0.0 24.0 8.0 0.0 0.0 0.0 0.0
12.0 0.0 28.0 8.0 0.0 0.0 4.0 0.0
12.0 2.0 24.0 -8.0 -0.0 -0.0 0.0 2.0
12.0 2.0 28.0 -8.0 -0.0 -0.0 4.0 2.0
12.0 0.0 28.0 -8.0 -0.0 -0.0 4.0 0.0
9.0 2.0 28.0 0.0 0.0 -6.0 0.0 2.0
9.0 0.0 28.0 0.0 0.0 -6.0 0.0 0.0
12.0 0.0 28.0 0.0 0.0 -6.0 3.0 0.0
9.0 2.0 28.0 0.0 0.0 6.0 0.0 2.0
12.0 2.0 28.0 0.0 0.0 6.0 3.0 2.0
12.0 0.0 28.0 0.0 0.0 6.0 3.0 0.0
12.0 2.0 0.0 0.0 0.0 -0.6000004 0.0 2.0
12.0 0.0 0.0 0.0 0.0 -0.6000004 0.0 0.0
12.3 0.0 0.0 0.0 0.0 -0.6000004 0.3000002 0.0
12.0 2.0 0.0 0.0 0.0 0.6000004 0.0 2.0
12.3 2.0 0.0 0.0 0.0 0.6000004 0.3000002 2.0
12.3 0.0 0.0 0.0 0.0 0.6000004 0.3000002 0.0
12.3 2.0 0.0 0.0 0.0 -0.45 0.3000002 2.0
12.3 1.1 0.0 0.0 0.0 -0.45 0.3000002 1.1
12.8 1.1 0.0 0.0 0.0 -0.45 0.8000002 1.1
12.3 2.0 0.0 0.0 0.0 0.45 0.3000002 2.0
12.8 2.0 0.0 0.0 0.0 0.45 0.8000002 2.0
12.8 1.1 0.0 0.0 0.0 0.45 0.8000002 1.1
12.3 0.6 0.0 0.0 0.0 -0.3 0.3000002 0.6
12.3 0.0 0.0 0.0 0.0 -0.3 0.3000002 0.0
12.8 0.0 0.0 0.0 0.0 -0.3 0.8000002 0.0
12.3 0.6 0.0 0.0 0.0 0.3 0.3000002 0.6
12.8 0.6 0.0 0.0 0.0 0.3 0.8000002 0.6
12.8 0.0 0.0 0.0 0.0 0.3 0.8000002 0.0
12.8 2.0 0.0 0.0 0.0 -4.3999996 0.8000002 2.0
12.8 0.0 0.0 0.0 0.0 -4.3999996 0.8000002 0.0
15.0 0.0 0.0 0.0 0.0 -4.3999996 3.0 0.0
12.8 2.0 0.0 0.0 0.0 4.3999996 0.8000002 2.0
15.0 2.0 0.0 0.0 0.0 4.3999996 3.0 2.0
15.0 0.0 0.0 0.0 0.0 4.3999996 3.0 0.0
12.0 2.0 0.0 8.0 0.0 0.0 0.0 2.0
12.0 0.0 0.0 8.0 0.0 0.0 0.0 0.0
12.0 0.0 4.0 8.0 0.0 0.0 4.0 0.0
12.0 2.0 0.0 -8.0 -0.0 -0.0 0.0 2.0
12.0 2.0 4.0 -8.0 -0.0 -0.0 4.0 2.0
12.0 0.0 4.0 -8.0 -0.0 -0.0 4.0 0.0
15.0 2.0 0.0 8.0 0.0 0.0 0.0 2.0
15.0 0.0 0.0 8.0 0.0 0.0 0.0 0.0
15.0 0.0 4.0 8.0 0.0 0.0 4.0 0.0
15.0 2.0 0.0 -8.0 -0.0 -0.0 0.0 2.0
15.0 2.0 4.0 -8.0 -0.0 -0.0 4.0 2.0
15.0 0.0 4.0 -8.0 -0.0 -0.0 4.0 0.0
12.0 2.0 4.0 0.0 0.0 -6.0 0.0 2.0
12.0 0.0 4.0 0.0 0.0 -6.0 0.0 0.0
15.0 0.0 4.0 0.0 0.0 -6.0 3.0 0.0
12.0 2.0 4.0 0.0 0.0 6.0 0.0 2.0
15.0 2.0 4.0 0.0 0.0 6.0 3.0 2.0
15.0 0.0 4.0 0.0 0.0 6.0 3.0 0.0
12.0 2.0 8.0 0.0 0.0 -0.6000004 0.0 2.0
12.0 0.0 8.0 0.0 0.0 -0.6000004 0.0 0.0
12.3 0.0 8.0 0.0 0.0 -0.6000004 0.3000002 0.0
12.0 2.0 8.0 0.0 0.0 0.6000004 0.0 2.0
12.3 2.0 8.0 0.0 0.0 0.6000004 0.3000002 2.0
12.3 0.0 8.0 0.0 0.0 0.6000004 0.3000002 0.0
12.3 2.0 8.0 0.0 0.0 -0.45 0.3000002 2.0
12.3 1.1 8.0 0.0 0.0 -0.45 0.3000002 1.1
12.8 1.1 8.0 0.0 0.0 -0.45 0.8000002 1.1
12.3 2.0 8.0 0.0 0.0 0.45 0.3000002 2.0
12.8 2.0 8.0 0.0 0.0 0.45 0.8000002 2.0
12.8 1.1 8.0 0.0 0.0 0.45 0.8000002 1.1
12.3 0.6 8.0 0.0 0.0 -0.3 0.3000002 0.6
12.3 0.0 8.0 0.0 0.0 -0.3 0.3000002 0.0
12.8 0.0 8.0 0.0 0.0 -0.3 0.8000002 0.0
12.3 0.6 8.0 0.0 0.0 0.3 0.3000002 0.6
12.8 0.6 8.0 0.0 0.0 0.3 0.8000002 0.6
12.8 0.0 8.0 0.0 0.0 0.3 0.8000002 0.0
12.8 2.0 8.0 0.0 0.0 -4.3999996 0.8000002 2.0
12.8 0.0 8.0 0.0 0.0 -4.3999996 0.8000002 0.0
15.0 0.0 8.0 0.0 0.0 -4.3999996 3.0 0.0
12.8 2.0 8.0 0.0 0.0 4.3999996 0.8000002 2.0
15.0 2.0 8.0 0.0 0.0 4.3999996 3.0 2.0
15.0 0.0 8.0 0.0 0.0 4.3999996 3.0 0.0
12.0 2.0 8.0 8.0 0.0 0.0 0.0 2.0
12.0 0.0 8.0 8.0 0.0 0.0 0.0 0.0
12.0 0.0 12.0 8.0 0.0 0.0 4.0 0.0
12.0 2.0 8.0 -8.0 -0.0 -0.0 0.0 2.0
12.0 2.0 12.0 -8.0 -0.0 -0.0 4.0 2.0
12.0 0.0 12.0 -8.0 -0.0 -0.0 4.0 0.0
15.0 2.0 8.0 8.0 0.0 0.0 0.0 2.0
15.0 0.0 8.0 8.0 0.0 0.0 0.0 0.0
15.0 0.0 12.0 8.0 0.0 0.0 4.0 0.0
15.0 2.0 8.0 -8.0 -0.0 -0.0 0.0 2.0
15.0 2.0 12.0 -8.0 -0.0 -0.0 4.0 2.0
15.0 0.0 12.0 -8.0 -0.0 -0.0 4.0 0.0
12.0 2.0 12.0 0.0 0.0 -6.0 0.0 2.0
12.0 0.0 12.0 0.0 0.0 -6.0 0.0 0.0
15.0 0.0 12.0 0.0 0.0 -6.0 3.0 0.0
12.0 2.0 12.0 0.0 0.0 6.0 0.0 2.0
15.0 2.0 12.0 0.0 0.0 6.0 3.0 2.0
15.0 0.0 12.0 0.0 0.0 6.0 3.0 0.0
12.0 2.0 12.0 0.0 0.0 -0.6000004 0.0 2.0
12.0 0.0 12.0 0.0 0.0 -0.6000004 0.0 0.0
12.3 0.0 12.0 0.0 0.0 -0.6000004 0.3000002 0.0
12.0 2.0 12.0 0.0 0.0 0.6000004 0.0 2.0
12.3 2.0 12.0 0.0 0.0 0.6000004 0.3000002 2.0
12.3 0.0 12.0 0.0 0.0 0.6000004 0.3000002 0.0
12.3 2.0 12.0 0.0 0.0 -0.45 0.3000002 2.0
12.3 1.1 12.0 0.0 0.0 -0.45 0.3000002 1.1
12.8 1.1 12.0 0.0 0.0 -0.45 0.8000002 1.1
12.3 2.0 12.0 0.0 0.0 0.45 0.3000002 2.0
12.8 2.0 12.0 0.0 0.0 0.45 0.8000002 2.0
12.8 1.1 12.0 0.0 0.0 0.45 0.8000002 1.1
12.3 0.6 12.0 0.0 0.0 -0.3 0.3000002 0.6
12.3 0.0 12.0 0.0 0.0 -0.3 0.3000002 0.0
12.8 0.0 12.0 0.0 0.0 -0.3 0.8000002 0.0
12.3 0.6 12.0 0.0 0.0 0.3 0.3000002 0.6
12.8 0.6 12.0 0.0 0.0 0.3 0.8000002 0.6
12.8 0.0 12.0 0.0 0.0 0.3 0.8000002 0.0
12.8 2.0 12.0 0.0 0.0 -4.3999996 0.8000002 2.0
12.8 0.0 12.0 0.0 0.0 -4.3999996 0.8000002 0.0
15.0 0.0 12.0 0.0 0.0 -4.3999996 3.0 0.0
12.8 2.0 12.0 0.0 0.0 4.3999996 0.8000002 2.0
15.0 2.0 12.0 0.0 0.0 4.3999996 3.0 2.0
15.0 0.0 12.0 0.0 0.0 4.3999996 3.0 0.0
12.0 2.0 12.0 8.0 0.0 0.0 0.0 2.0
12.0 0.0 12.0 8.0 0.0 0.0 0.0 0.0
12.0 0.0 16.0 8.0 0.0 0.0 4.0 0.0
12.0 2.0 12.0 -8.0 -0.0 -0.0 0.0 2.0
12.0 2.0 16.0 -8.0 -0.0 -0.0 4.0 2.0
12.0 0.0 16.0 -8.0 -0.0 -0.0 4.0 0.0
15.0 2.0 12.0 8.0 0.0 0.0 0.0 2.0
15.0 0.0 12.0 8.0 0.0 0.0 0.0 0.0
15.0 0.0 16.0 8.0 0.0 0.0 4.0 0.0
15.0 2.0 12.0 -8.0 -0.0 -0.0 0.0 2.0
15.0 2.0 16.0 -8.0 -0.0 -0.0 4.0 2.0
15.0 0.0 16.0 -8.0 -0.0 -0.0 4.0 0.0
12.0 2.0 16.0 0.0 0.0 -6.0 0.0 2.0
12.0 0.0 16.0 0.0 0.0 -6.0 0.0 0.0
15.0 0.0 16.0 0.0 0.0 -6.0 3.0 0.0
12.0 2.0 16.0 0.0 0.0 6.0 0.0 2.0
15.0 2.0 16.0 0.0 0.0 6.0 3.0 2.0
15.0 0.0 16.0 0.0 0.0 6.0 3.0 0.0
12.0 2.0 16.0 0.0 0.0 -0.6000004 0.0 2.0
12.0 0.0 16.0 0.0 0.0 -0.6000004 0.0 0.0
12.3 0.0 16.0 0.0 0.0 -0.6000004 0.3000002 0.0
12.0 2.0 16.0 0.0 0.0 0.6000004 0.0 2.0
12.3 2.0 16.0 0.0 0.0 0.6000004 0.3000002 2.0
12.3 0.0 16.0 0.0 0.0 0.6000004 0.3000002 0.0
12.3 2.0 16.0 0.0 0.0 -0.45 0.3000002 2.0
12.3 1.1 16.0 0.0 0.0 -0.45 0.3000002 1.1
12.8 1.1 16.0 0.0 0.0 -0.45 0.8000002 1.1
12.3 2.0 16.0 0.0 0.0 0.45 0.3000002 2.0
12.8 2.0 16.0 0.0 0.0 0.45 0.8000002 2.0
12.8 1.1 16.0 0.0 0.0 0.45 0.8000002 1.1
12.3 0.6 16.0 0.0 0.0 -0.3 0.3000002 0.6
12.3 0.0 16.0 0.0 0.0 -0.3 0.3000002 0.0
12.8 0.0 16.0 0.0 0.0 -0.3 0.8000002 0.0
12.3 0.6 16.0 0.0 0.0 0.3 0.3000002 0.6
12.8 0.6 16.0 0.0 0.0 0.3 0.8000002 0.6
12.8 0.0 16.0 0.0 0.0 0.3 0.8000002 0.0
12.8 2.0 16.0 0.0 0.0 -4.3999996 0.8000002 2.0
12.8 0.0 16.0 0.0 0.0 -4.3999996 0.8000002 0.0
15.0 0.0 16.0 0.0 0.0 -4.3999996 3.0 0.0
12.8 2.0 16.0 0.0 0.0 4.3999996 0.8000002 2.0
15.0 2.0 16.0 0.0 0.0 4.3999996 3.0 2.0
15.0 0.0 16.0 0.0 0.0 4.3999996 3.0 0.0
12.0 2.0 16.0 8.0 0.0 0.0 0.0 2.0
12.0 0.0 16.0 8.0 0.0 0.0 0.0 0.0
12.0 0.0 20.0 8.0 0.0 0.0 4.0 0.0
12.0 2.0 16.0 -8.0 -0.0 -0.0 0.0 2.0
12.0 2.0 20.0 -8.0 -0.0 -0.0 4.0 2.0
12.0 0.0 20.0 -8.0 -0.0 -0.0 4.0 0.0
15.0 2.0 16.0 8.0 0.0 0.0 0.0 2.0
15.0 0.0 16.0 8.0 0.0 0.0 0.0 0.0
15.0 0.0 20.0 8.0 0.0 0.0 4.0 0.0
15.0 2.0 16.0 -8.0 -0.0 -0.0 0.0 2.0
15.0 2.0 20.0 -8.0 -0.0 -0.0 4.0 2.0
15.0 0.0 20.0 -8.0 -0.0 -0.0 4.0 0.0
12.0 2.0 20.0 0.0 0.0 -6.0 0.0 2.0
12.0 0.0 20.0 0.0 0.0 -6.0 0.0 0.0
15.0 0.0 20.0 0.0 0.0 -6.0 3.0 0.0
12.0 2.0 20.0 0.0 0.0 6.0 0.0 2.0
15.0 2.0 20.0 0.0 0.0 6.0 3.0 2.0
15.0 0.0 20.0 0.0 0.0 6.0 3.0 0.0
12.0 2.0 24.0 0.0 0.0 -0.6000004 0.0 2.0
12.0 0.0 24.0 0.0 0.0 -0.6000004 0.0 0.0
12.3 0.0 24.0 0.0 0.0 -0.6000004 0.3000002 0.0
12.0 2.0 24.0 0.0 0.0 0.6000004 0.0 2.0
12.3 2.0 24.0 0.0 0.0 0.6000004 0.3000002 2.0
12.3 0.0 24.0 0.0 0.0 0.6000004 0.3000002 0.0
12.3 2.0 24.0 0.0 0.0 -0.45 0.3000002 2.0
12.3 1.1 24.0 0.0 0.0 -0.45 0.3000002 1.1
12.8 1.1 24.0 0.0 0.0 -0.45 0.8000002 1.1
12.3 2.0 24.0 0.0 0.0 0.45 0.3000002 2.0
12.8 2.0 24.0 0.0 0.0 0.45 0.8000002 2.0
12.8 1.1 24.0 0.0 0.0 0.45 0.8000002 1.1
12.3 0.6 24.0 0.0 0.0 -0.3 0.3000002 0.6
12.3 0.0 24.0 0.0 0.0 -0.3 0.3000002 0.0
12.8 0.0 24.0 0.0 0.0 -0.3 0.8000002 0.0
12.3 0.6 24.0 0.0 0.0 0.3 0.3000002 0.6
12.8 0.6 24.0 0.0 0.0 0.3 0.8000002 0.6
12.8 0.0 24.0 0.0 0.0 0.3 0.8000002 0.0
12.8 2.0 24.0 0.0 0.0 -4.3999996 0.8000002 2.0
12.8 0.0 24.0 0.0 0.0 -4.3999996 0.8000002 0.0
15.0 0.0 24.0 0.0 0.0 -4.3999996 3.0 0.0
12.8 2.0 24.0 0.0 0.0 4.3999996 0.8000002 2.0
15.0 2.0 24.0 0.0 0.0 4.3999996 3.0 2.0
15.0 0.0 24.0 0.0 0.0 4.3999996 3.0 0.0
12.0 2.0 24.0 8.0 0.0 0.0 0.0 2.0
12.0 0.0 24.0 8.0 0.0 0.0 0.0 0.0
12.0 0.0 28.0 8.0 0.0 0.0 4.0 0.0
12.0 2.0 24.0 -8.0 -0.0 -0.0 0.0 2.0
12.0 2.0 28.0 -8.0 -0.0 -0.0 4.0 2.0
12.0 0.0 28.0 -8.0 -0.0 -0.0 4.0 0.0
15.0 2.0 24.0 8.0 0.0 0.0 0.0 2.0
15.0 0.0 24.0 8.0 0.0 0.0 0.0 0.0
15.0 0.0 28.0 8.0 0.0 0.0 4.0 0.0
15.0 2.0 24.0 -8.0 -0.0 -0.0 0.0 2.0
15.0 2.0 28.0 -8.0 -0.0 -0.0 4.0 2.0
15.0 0.0 28.0 -8.0 -0.0 -0.0 4.0 0.0
12.0 2.0 28.0 0.0 0.0 -6.0 0.0 2.0
12.0 0.0 28.0 0.0 0.0 -6.0 0.0 0.0
15.0 0.0 28.0 0.0 0.0 -6.0 3.0 0.0
12.0 2.0 28.0 0.0 0.0 6.0 0.0 2.0
15.0 2.0 28.0 0.0 0.0 6.0 3.0 2.0
15.0 0.0 28.0 0.0 0.0 6.0 3.0 0.0
15.0 2.0 0.0 0.0 0.0 -0.6000004 0.0 2.0
15.0 0.0 0.0 0.0 0.0 -0.6000004 0.0 0.0
15.3 0.0 0.0 0.0 0.0 -0.6000004 0.3000002 0.0
15.0 2.0 0.0 0.0 0.0 0.6000004 0.0 2.0
15.3 2.0 0.0 0.0 0.0 0.6000004 0.3000002 2.0
15.3 0.0 0.0 0.0 0.0 0.6000004 0.3000002 0.0
15.3 2.0 0.0 0.0 0.0 -0.45 0.3000002 2.0
15.3 1.1 0.0 0.0 0.0 -0.45 0.3000002 1.1
15.8 1.1 0.0 0.0 0.0 -0.45 0.8000002 1.1
15.3 2.0 0.0 0.0 0.0 0.45 0.3000002 2.0
15.8 2.0 0.0 0.0 0.0 0.45 0.8000002 2.0
15.8 1.1 0.0 0.0 0.0 0.45 0.8000002 1.1
15.3 0.6 0.0 0.0 0.0 -0.3 0.3000002 0.6
15.3 0.0 0.0 0.0 0.0 -0.3 0.3000002 0.0
15.8 0.0 0.0 0.0 0.0 -0.3 0.8000002 0.0
15.3 0.6 0.0 0.0 0.0 0.3 0.3000002 0.6
15.8 0.6 0.0 0.0 0.0 0.3 0.8000002 0.6
15.8 0.0 0.0 0.0 0.0 0.3 0.8000002 0.0
15.8 2.0 0.0 0.0 0.0 -10.4 0.8000002 2.0
15.8 0.0 0.0 0.0 0.0 -10.4 0.8000002 0.0
21.0 0.0 0.0 0.0 0.0 -10.4 6.0 0.0
15.8 2.0 0.0 0.0 0.0 10.4 0.8000002 2.0
21.0 2.0 0.0 0.0 0.0 10.4 6.0 2.0
21.0 0.0 0.0 0.0 0.0 10.4 6.0 0.0
15.0 2.0 0.0 8.0 0.0 0.0 0.0 2.0
15.0 0.0 0.0 8.0 0.0 0.0 0.0 0.0
15.0 0.0 4.0 8.0 0.0 0.0 4.0 0.0
15.0 2.0 0.0 -8.0 -0.0 -0.0 0.0 2.0
15.0 2.0 4.0 -8.0 -0.0 -0.0 4.0 2.0
15.0 0.0 4.0 -8.0 -0.0 -0.0 4.0 0.0
21.0 2.0 0.0 8.0 0.0 0.0 0.0 2.0
21.0 0.0 0.0 8.0 0.0 0.0 0.0 0.0
21.0 0.0 4.0 8.0 0.0 0.0 4.0 0.0
21.0 2.0 0.0 -8.0 -0.0 -0.0 0.0 2.0
21.0 2.0 4.0 -8.0 -0.0 -0.0 4.0 2.0
21.0 0.0 4.0 -8.0 -0.0 -0.0 4.0 0.0
15.0 2.0 4.0 0.0 0.0 -12.0 0.0 2.0
15.0 0.0 4.0 0.0 0.0 -12.0 0.0 0.0
21.0 0.0 4.0 0.0 0.0 -12.0 6.0 0.0
15.0 2.0 4.0 0.0 0.0 12.0 0.0 2.0
21.0 2.0 4.0 0.0 0.0 12.0 6.0 2.0
21.0 0.0 4.0 0.0 0.0 12.0 6.0 0.0
15.0 2.0 24.0 0.0 0.0 -0.6000004 0.0 2.0
15.0 0.0 24.0 0.0 0.0 -0.6000004 0.0 0.0
15.3 0.0 24.0 0.0 0.0 -0.6000004 0.3000002 0.0
15.0 2.0 24.0 0.0 0.0 0.6000004 0.0 2.0
15.3 2.0 24.0 0.0 0.0 0.6000004 0.3000002 2.0
15.3 0.0 24.0 0.0 0.0 0.6000004 0.3000002 0.0
15.3 2.0 24.0 0.0 0.0 -0.45 0.3000002 2.0
15.3 1.1 24.0 0.0 0.0 -0.45 0.3000002 1.1
15.8 1.1 24.0 0.0 0.0 -0.45 0.8000002 1.1
15.3 2.0 24.0 0.0 0.0 0.45 0.3000002 2.0
15.8 2.0 24.0 0.0 0.0 0.45 0.8000002 2.0
15.8 1.1 24.0 0.0 0.0 0.45 0.8000002 1.1
15.3 0.6 24.0 0.0 0.0 -0.3 0.3000002 0.6
15.3 0.0 24.0 0.0 0.0 -0.3 0.3000002 0.0
15.8 0.0 24.0 0.0 0.0 -0.3 0.8000002 0.0
15.3 0.6 24.0 0.0 0.0 0.3 0.3000002 0.6
15.8 0.6 24.0 0.0 0.0 0.3 0.8000002 0.6
15.8 0.0 24.0 0.0 0.0 0.3 0.8000002 0.0
15.8 2.0 24.0 0.0 0.0 -10.4 0.8000002 2.0
15.8 0.0 24.0 0.0 0.0 -10.4 0.8000002 0.0
21.0 0.0 24.0 0.0 0.0 -10.4 6.0 0.0
15.8 2.0 24.0 0.0 0.0 10.4 0.8000002 2.0
21.0 2.0 24.0 0.0 0.0 10.4 6.0 2.0
21.0 0.0 24.0 0.0 0.0 10.4 6.0 0.0
15.0 2.0 24.0 8.0 0.0 0.0 0.0 2.0
15.0 0.0 24.0 8.0 0.0 0.0 0.0 0.0
15.0 0.0 28.0 8.0 0.0 0.0 4.0 0.0
15.0 2.0 24.0 -8.0 -0.0 -0.0 0.0 2.0
15.0 2.0 28.0 -8.0 -0.0 -0.0 4.0 2.0
15.0 0.0 28.0 -8.0 -0.0 -0.0 4.0 0.0
21.0 2.0 24.0 8.0 0.0 0.0 0.0 2.0
21.0 0.0 24.0 8.0 0.0 0.0 0.0 0.0
21.0 0.0 28.0 8.0 0.0 0.0 4.0 0.0
21.0 2.0 24.0 -8.0 -0.0 -0.0 0.0 2.0
21.0 2.0 28.0 -8.0 -0.0 -0.0 4.0 2.0
21.0 0.0 28.0 -8.0 -0.0 -0.0 4.0 0.0
15.0 2.0 28.0 0.0 0.0 -12.0 0.0 2.0
15.0 0.0 28.0 0.0 0.0 -12.0 0.0 0.0
21.0 0.0 28.0 0.0 0.0 -12.0 6.0 0.0
15.0 2.0 28.0 0.0 0.0 12.0 0.0 2.0
21.0 2.0 28.0 0.0 0.0 12.0 6.0 2.0
21.0 0.0 28.0 0.0 0.0 12.0 6.0 0.0
18.0 2.0 4.0 0.0 0.0 -0.5999985 0.0 2.0
18.0 0.0 4.0 0.0 0.0 -0.5999985 0.0 0.0
18.3 0.0 4.0 0.0 0.0 -0.5999985 0.29999924 0.0
18.0 2.0 4.0 0.0 0.0 0.5999985 0.0 2.0
18.3 2.0 4.0 0.0 0.0 0.5999985 0.29999924 2.0
18.3 0.0 4.0 0.0 0.0 0.5999985 0.29999924 0.0
18.3 2.0 4.0 0.0 0.0 -0.45 0.29999924 2.0
18.3 1.1 4.0 0.0 0.0 -0.45 0.29999924 1.1
18.8 1.1 4.0 0.0 0.0 -0.45 0.79999924 1.1
18.3 2.0 4.0 0.0 0.0 0.45 0.29999924 2.0
18.8 2.0 4.0 0.0 0.0 0.45 0.79999924 2.0
18.8 1.1 4.0 0.0 0.0 0.45 0.79999924 1.1
18.3 0.6 4.0 0.0 0.0 -0.3 0.29999924 0.6
18.3 0.0 4.0 0.0 0.0 -0.3 0.29999924 0.0
18.8 0.0 4.0 0.0 0.0 -0.3 0.79999924 0.0
18.3 0.6 4.0 0.0 0.0 0.3 0.29999924 0.6
18.8 0.6 4.0 0.0 0.0 0.3 0.79999924 0.6
18.8 0.0 4.0 0.0 0.0 0.3 0.79999924 0.0
18.8 2.0 4.0 0.0 0.0 -4.4000015 0.79999924 2.0
18.8 0.0 4.0 0.0 0.0 -4.4000015 0.79999924 0.0
21.0 0.0 4.0 0.0 0.0 -4.4000015 3.0 0.0
18.8 2.0 4.0 0.0 0.0 4.4000015 0.79999924 2.0
21.0 2.0 4.0 0.0 0.0 4.4000015 3.0 2.0
21.0 0.0 4.0 0.0 0.0 4.4000015 3.0 0.0
18.0 2.0 4.0 8.0 0.0 0.0 0.0 2.0
18.0 0.0 4.0 8.0 0.0 0.0 0.0 0.0
18.0 0.0 8.0 8.0 0.0 0.0 4.0 0.0
18.0 2.0 4.0 -8.0 -0.0 -0.0 0.0 2.0
18.0 2.0 8.0 -8.0 -0.0 -0.0 4.0 2.0
18.0 0.0 8.0 -8.0 -0.0 -0.0 4.0 0.0
21.0 2.0 4.0 8.0 0.0 0.0 0.0 2.0
21.0 0.0 4.0 8.0 0.0 0.0 0.0 0.0
21.0 0.0 8.0 8.0 0.0 0.0 4.0 0.0
21.0 2.0 4.0 -8.0 -0.0 -0.0 0.0 2.0
21.0 2.0 8.0 -8.0 -0.0 -0.0 4.0 2.0
21.0 0.0 8.0 -8.0 -0.0 -0.0 4.0 0.0
18.0 2.0 8.0 0.0 0.0 -6.0 0.0 2.0
18.0 0.0 8.0 0.0 0.0 -6.0 0.0 0.0
21.0 0.0 8.0 0.0 0.0 -6.0 3.0 0.0
18.0 2.0 8.0 0.0 0.0 6.0 0.0 2.0
21.0 2.0 8.0 0.0 0.0 6.0 3.0 2.0
21.0 0.0 8.0 0.0 0.0 6.0 3.0 0.0
18.0 2.0 8.0 0.0 0.0 -0.5999985 0.0 2.0
18.0 0.0 8.0 0.0 0.0 -0.5999985 0.0 0.0
18.3 0.0 8.0 0.0 0.0 -0.5999985 0.29999924 0.0
18.0 2.0 8.0 0.0 0.0 0.5999985 0.0 2.0
18.3 2.0 8.0 0.0 0.0 0.5999985 0.29999924 2.0
18.3 0.0 8.0 0.0 0.0 0.5999985 0.29999924 0.0
18.3 2.0 8.0 0.0 0.0 -0.45 0.29999924 2.0
18.3 1.1 8.0 0.0 0.0 -0.45 0.29999924 1.1
18.8 1.1 8.0 0.0 0.0 -0.45 0.79999924 1.1
18.3 2.0 8.0 0.0 0.0 0.45 0.29999924 2.0
18.8 2.0 8.0 0.0 0.0 0.45 0.79999924 2.0
18.8 1.1 8.0 0.0 0.0 0.45 0.79999924 1.1
18.3 0.6 8.0 0.0 0.0 -0.3 0.29999924 0.6
18.3 0.0 8.0 0.0 0.0 -0.3 0.29999924 0.0
18.8 0.0 8.0 0.0 0.0 -0.3 0.79999924 0.0
18.3 0.6 8.0 0.0 0.0 0.3 0.29999924 0.6
18.8 0.6 8.0 0.0 0.0 0.3 0.79999924 0.6
18.8 0.0 8.0 0.0 0.0 0.3 0.79999924 0.0
18.8 2.0 8.0 0.0 0.0 -4.4000015 0.79999924 2.0
18.8 0.0 8.0 0.0 0.0 -4.4000015 0.79999924 0.0
21.0 0.0 8.0 0.0 0.0 -4.4000015 3.0 0.0
18.8 2.0 8.0 0.0 0.0 4.4000015 0.79999924 2.0
21.0 2.0 8.0 0.0 0.0 4.4000015 3.0 2.0
21.0 0.0 8.0 0.0 0.0 4.4000015 3.0 0.0
18.0 2.0 8.0 8.0 0.0 0.0 0.0 2.0
18.0 0.0 8.0 8.0 0.0 0.0 0.0 0.0
18.0 0.0 12.0 8.0 0.0 0.0 4.0 0.0
18.0 2.0 8.0 -8.0 -0.0 -0.0 0.0 2.0
18.0 2.0 12.0 -8.0 -0.0 -0.0 4.0 2.0
18.0 0.0 12.0 -8.0 -0.0 -0.0 4.0 0.0
21.0 2.0 8.0 8.0 0.0 0.0 0.0 2.0
21.0 0.0 8.0 8.0 0.0 0.0 0.0 0.0
21.0 0.0 12.0 8.0 0.0 0.0 4.0 0.0
21.0 2.0 8.0 -8.0 -0.0 -0.0 0.0 2.0
21.0 2.0 12.0 -8.0 -0.0 -0.0 4.0 2.0
21.0 0.0 12.0 -8.0 -0.0 -0.0 4.0 0.0
18.0 2.0 12.0 0.0 0.0 -6.0 0.0 2.0
18.0 0.0 12.0 0.0 0.0 -6.0 0.0 0.0
21.0 0.0 12.0 0.0 0.0 -6.0 3.0 0.0
18.0 2.0 12.0 0.0 0.0 6.0 0.0 2.0
21.0 2.0 12.0 0.0 0.0 6.0 3.0 2.0
21.0 0.0 12.0 0.0 0.0 6.0 3.0 0.0
18.0 2.0 12.0 0.0 0.0 -0.5999985 0.0 2.0
18.0 0.0 12.0 0.0 0.0 -0.5999985 0.0 0.0
18.3 0.0 12.0 0.0 0.0 -0.5999985 0.29999924 0.0
18.0 2.0 12.0 0.0 0.0 0.5999985 0.0 2.0
18.3 2.0 12.0 0.0 0.0 0.5999985 0.29999924 2.0
18.3 0.0 12.0 0.0 0.0 0.5999985 0.29999924 0.0
18.3 2.0 12.0 0.0 0.0 -0.45 0.29999924 2.0
18.3 1.1 12.0 0.0 0.0 -0.45 0.29999924 1.1
18.8 1.1 12.0 0.0 0.0 -0.45 0.79999924 1.1
18.3 2.0 12.0 0.0 0.0 0.45 0.29999924 2.0
18.8 2.0 12.0 0.0 0.0 0.45 0.79999924 2.0
18.8 1.1 12.0 0.0 0.0 0.45 0.79999924 1.1
18.3 0.6 12.0 0.0 0.0 -0.3 0.29999924 0.6
18.3 0.0 12.0 0.0 0.0 -0.3 0.29999924 0.0
18.8 0.0 12.0 0.0 0.0 -0.3 0.79999924 0.0
18.3 0.6 12.0 0.0 0.0 0.3 0.29999924 0.6
18.8 0.6 12.0 0.0 0.0 0.3 0.79999924 0.6
18.8 0.0 12.0 0.0 0.0 0.3 0.79999924 0.0
18.8 2.0 12.0 0.0 0.0 -4.4000015 0.79999924 2.0
18.8 0.0 12.0 0.0 0.0 -4.4000015 0.79999924 0.0
21.0 0.0 12.0 0.0 0.0 -4.4000015 3.0 0.0
18.8 2.0 12.0 0.0 0.0 4.4000015 0.79999924 2.0
21.0 2.0 12.0 0.0 0.0 4.4000015 3.0 2.0
21.0 0.0 12.0 0.0 0.0 4.4000015 3.0 0.0
18.0 2.0 12.0 8.0 0.0 0.0 0.0 2.0
18.0 0.0 12.0 8.0 0.0 0.0 0.0 0.0
18.0 0.0 16.0 8.0 0.0 0.0 4.0 0.0
18.0 2.0 12.0 -8.0 -0.0 -0.0 0.0 2.0
18.0 2.0 16.0 -8.0 -0.0 -0.0 4.0 2.0
18.0 0.0 16.0 -8.0 -0.0 -0.0 4.0 0.0
21.0 2.0 12.0 8.0 0.0 0.0 0.0 2.0
21.0 0.0 12.0 8.0 0.0 0.0 0.0 0.0
21.0 0.0 16.0 8.0 0.0 0.0 4.0 0.0
21.0 2.0 12.0 -8.0 -0.0 -0.0 0.0 2.0
21.0 2.0 16.0 -8.0 -0.0 -0.0 4.0 2.0
21.0 0.0 16.0 -8.0 -0.0 -0.0 4.0 0.0
18.0 2.0 16.0 0.0 0.0 -6.0 0.0 2.0
18.0 0.0 16.0 0.0 0.0 -6.0 0.0 0.0
21.0 0.0 16.0 0.0 0.0 -6.0 3.0 0.0
18.0 2.0 16.0 0.0 0.0 6.0 0.0 2.0
21.0 2.0 16.0 0.0 0.0 6.0 3.0 2.0
21.0 0.0 16.0 0.0 0.0 6.0 3.0 0.0
18.0 2.0 16.0 0.0 0.0 -0.5999985 0.0 2.0
18.0 0.0 16.0 0.0 0.0 -0.5999985 0.0 0.0
18.3 0.0 16.0 0.0 0.0 -0.5999985 0.29999924 0.0
18.0 2.0 16.0 0.0 0.0 0.5999985 0.0 2.0
18.3 2.0 16.0 0.0 0.0 0.5999985 0.29999924 2.0
18.3 0.0 16.0 0.0 0.0 0.5999985 0.29999924 0.0
18.3 2.0 16.0 0.0 0.0 -0.45 0.29999924 2.0
18.3 1.1 16.0 0.0 0.0 -0.45 0.29999924 1.1
18.8 1.1 16.0 0.0 0.0 -0.45 0.79999924 1.1
18.3 2.0 16.0 0.0 0.0 0.45 0.29999924 2.0
18.8 2.0 16.0 0.0 0.0 0.45 0.79999924 2.0
18.8 1.1 16.0 0.0 0.0 0.45 0.79999924 1.1
18.3 0.6 16.0 0.0 0.0 -0.3 0.29999924 0.6
18.3 0.0 16.0 0.0 0.0 -0.3 0.29999924 0.0
18.8 0.0 16.0 0.0 0.0 -0.3 0.79999924 0.0
18.3 0.6 16.0 0.0 0.0 0.3 0.29999924 0.6
18.8 0.6 16.0 0.0 0.0 0.3 0.79999924 0.6
18.8 0.0 16.0 0.0 0.0 0.3 0.79999924 0.0
18.8 2.0 16.0 0.0 0.0 -4.4000015 0.79999924 2.0
18.8 0.0 16.0 0.0 0.0 -4.4000015 0.79999924 0.0
21.0 0.0 16.0 0.0 0.0 -4.4000015 3.0 0.0
18.8 2.0 16.0 0.0 0.0 4.4000015 0.79999924 2.0
21.0 2.0 16.0 0.0 0.0 4.4000015 3.0 2.0
21.0 0.0 16.0 0.0 0.0 4.4000015 3.0 0.0
18.0 2.0 16.0 8.0 0.0 0.0 0.0 2.0
18.0 0.0 16.0 8.0 0.0 0.0 0.0 0.0
18.0 0.0 20.0 8.0 0.0 0.0 4.0 0.0
18.0 2.0 16.0 -8.0 -0.0 -0.0 0.0 2.0
18.0 2.0 20.0 -8.0 -0.0 -0.0 4.0 2.0
18.0 0.0 20.0 -8.0 -0.0 -0.0 4.0 0.0
21.0 2.0 16.0 8.0 0.0 0.0 0.0 2.0
21.0 0.0 16.0 8.0 0.0 0.0 0.0 0.0
21.0 0.0 20.0 8.0 0.0 0.0 4.0 0.0
21.0 2.0 16.0 -8.0 -0.0 -0.0 0.0 2.0
21.0 2.0 20.0 -8.0 -0.0 -0.0 4.0 2.0
21.0 0.0 20.0 -8.0 -0.0 -0.0 4.0 0.0
18.0 2.0 20.0 0.0 0.0 -6.0 0.0 2.0
18.0 0.0 20.0 0.0 0.0 -6.0 0.0 0.0
21.0 0.0 20.0 0.0 0.0 -6.0 3.0 0.0
18.0 2.0 20.0 0.0 0.0 6.0 0.0 2.0
21.0 2.0 20.0 0.0 0.0 6.0 3.0 2.0
21.0 0.0 20.0 0.0 0.0 6.0 3.0 0.0
18.0 2.0 20.0 0.0 0.0 -0.5999985 0.0 2.0
18.0 0.0 20.0 0.0 0.0 -0.5999985 0.0 0.0
18.3 0.0 20.0 0.0 0.0 -0.5999985 0.29999924 0.0
18.0 2.0 20.0 0.0 0.0 0.5999985 0.0 2.0
18.3 2.0 20.0 0.0 0.0 0.5999985 0.29999924 2.0
18.3 0.0 20.0 0.0 0.0 0.5999985 0.29999924 0.0
18.3 2.0 20.0 0.0 0.0 -0.45 0.29999924 2.0
18.3 1.1 20.0 0.0 0.0 -0.45 0.29999924 1.1
18.8 1.1 20.0 0.0 0.0 -0.45 0.79999924 1.1
18.3 2.0 20.0 0.0 0.0 0.45 0.29999924 2.0
18.8 2.0 20.0 0.0 0.0 0.45 0.79999924 2.0
18.8 1.1 20.0 0.0 0.0 0.45 0.79999924 1.1
18.3 0.6 20.0 0.0 0.0 -0.3 0.29999924 0.6
18.3 0.0 20.0 0.0 0.0 -0.3 0.29999924 0.0
18.8 0.0 20.0 0.0 0.0 -0.3 0.79999924 0.0
18.3 0.6 20.0 0.0 0.0 0.3 0.29999924 0.6
18.8 0.6 20.0 0.0 0.0 0.3 0.79999924 0.6
18.8 0.0 20.0 0.0 0.0 0.3 0.79999924 0.0
18.8 2.0 20.0 0.0 0.0 -4.4000015 0.79999924 2.0
18.8 0.0 20.0 0.0 0.0 -4.4000015 0.79999924 0.0
21.0 0.0 20.0 0.0 0.0 -4.4000015 3.0 0.0
18.8 2.0 20.0 0.0 0.0 4.4000015 0.79999924 2.0
21.0 2.0 20.0 0.0 0.0 4.4000015 3.0 2.0
21.0 0.0 20.0 0.0 0.0 4.4000015 3.0 0.0
18.0 2.0 20.0 8.0 0.0 0.0 0.0 2.0
18.0 0.0 20.0 8.0 0.0 0.0 0.0 0.0
18.0 0.0 24.0 8.0 0.0 0.0 4.0 0.0
18.0 2.0 20.0 -8.0 -0.0 -0.0 0.0 2.0
18.0 2.0 24.0 -8.0 -0.0 -0.0 4.0 2.0
18.0 0.0 24.0 -8.0 -0.0 -0.0 4.0 0.0
21.0 2.0 20.0 8.0 0.0 0.0 0.0 2.0
21.0 0.0 20.0 8.0 0.0 0.0 0.0 0.0
21.0 0.0 24.0 8.0 0.0 0.0 4.0 0.0
21.0 2.0 20.0 -8.0 -0.0 -0.0 0.0 2.0
21.0 2.0 24.0 -8.0 -0.0 -0.0 4.0 2.0
21.0 0.0 24.0 -8.0 -0.0 -0.0 4.0 0.0
18.0 2.0 24.0 0.0 0.0 -6.0 0.0 2.0
18.0 0.0 24.0 0.0 0.0 -6.0 0.0 0.0
21.0 0.0 24.0 0.0 0.0 -6.0 3.0 0.0
18.0 2.0 24.0 0.0 0.0 6.0 0.0 2.0
21.0 2.0 24.0 0.0 0.0 6.0 3.0 2.0
21.0 0.0 24.0 0.0 0.0 6.0 3.0 0.0

