0.2 2.0 0.0 -0.9945219 0.0 -0.10452848 0.0 1.0
0.2 0.0 0.0 -0.9945219 0.0 -0.10452848 0.0 0.0
0.19562952 0.0 0.041582342 -0.9945219 0.0 -0.10452848 1.0 0.0
0.2 2.0 0.0 -0.9945219 0.0 -0.10452848 0.0 1.0
0.19562952 0.0 0.041582342 -0.9945219 0.0 -0.10452848 1.0 1.0
0.19562952 2.0 0.041582342 -0.9945219 0.0 -0.10452848 1.0 0.0
0.19562952 2.0 0.041582342 -0.9510564 0.0 -0.30901724 0.0 1.0
0.19562952 0.0 0.041582342 -0.9510564 0.0 -0.30901724 0.0 0.0
0.18270908 0.0 0.08134733 -0.9510564 0.0 -0.30901724 1.0 0.0
0.19562952 2.0 0.041582342 -0.9510564 0.0 -0.30901724 0.0 1.0
0.18270908 0.0 0.08134733 -0.9510564 0.0 -0.30901724 1.0 1.0
0.18270908 2.0 0.08134733 -0.9510564 0.0 -0.30901724 1.0 0.0
0.18270908 2.0 0.08134733 -0.8660255 0.0 -0.49999967 0.0 1.0
0.18270908 0.0 0.08134733 -0.8660255 0.0 -0.49999967 0.0 0.0
0.16180341 0.0 0.11755705 -0.8660255 0.0 -0.49999967 1.0 0.0
0.18270908 2.0 0.08134733 -0.8660255 0.0 -0.49999967 0.0 1.0
0.16180341 0.0 0.11755705 -0.8660255 0.0 -0.49999967 1.0 1.0
0.16180341 2.0 0.11755705 -0.8660255 0.0 -0.49999967 1.0 0.0
0.16180341 2.0 0.11755705 -0.74314487 0.0 -0.66913056 0.0 1.0
0.16180341 0.0 0.11755705 -0.74314487 0.0 -0.66913056 0.0 0.0
0.13382612 0.0 0.14862898 -0.74314487 0.0 -0.66913056 1.0 0.0
0.16180341 2.0 0.11755705 -0.74314487 0.0 -0.66913056 0.0 1.0
0.13382612 0.0 0.14862898 -0.74314487 0.0 -0.66913056 1.0 1.0
0.13382612 2.0 0.14862898 -0.74314487 0.0 -0.66913056 1.0 0.0
0.13382612 2.0 0.14862898 -0.5877851 0.0 -0.80901706 0.0 1.0
0.13382612 0.0 0.14862898 -0.5877851 0.0 -0.80901706 0.0 0.0
0.099999994 0.0 0.17320509 -0.5877851 0.0 -0.80901706 1.0 0.0
0.13382612 2.0 0.14862898 -0.5877851 0.0 -0.80901706 0.0 1.0
0.099999994 0.0 0.17320509 -0.5877851 0.0 -0.80901706 1.0 1.0
0.099999994 2.0 0.17320509 -0.5877851 0.0 -0.80901706 1.0 0.0
0.099999994 2.0 0.17320509 -0.40673658 0.0 -0.9135454 0.0 1.0
0.099999994 0.0 0.17320509 -0.40673658 0.0 -0.9135454 0.0 0.0
0.061803397 0.0 0.19021131 -0.40673658 0.0 -0.9135454 1.0 0.0
0.099999994 2.0 0.17320509 -0.40673658 0.0 -0.9135454 0.0 1.0
0.061803397 0.0 0.19021131 -0.40673658 0.0 -0.9135454 1.0 1.0
0.061803397 2.0 0.19021131 -0.40673658 0.0 -0.9135454 1.0 0.0
0.061803397 2.0 0.19021131 -0.2079115 0.0 -0.9781476 0.0 1.0
0.061803397 0.0 0.19021131 -0.2079115 0.0 -0.9781476 0.0 0.0
0.020905685 0.0 0.19890438 -0.2079115 0.0 -0.9781476 1.0 0.0
0.061803397 2.0 0.19021131 -0.2079115 0.0 -0.9781476 0.0 1.0
0.020905685 0.0 0.19890438 -0.2079115 0.0 -0.9781476 1.0 1.0
0.020905685 2.0 0.19890438 -0.2079115 0.0 -0.9781476 1.0 0.0
0.020905685 2.0 0.19890438 0.0 0.0 -1.0 0.0 1.0
0.020905685 0.0 0.19890438 0.0 0.0 -1.0 0.0 0.0
-0.020905701 0.0 0.19890438 0.0 0.0 -1.0 1.0 0.0
0.020905685 2.0 0.19890438 0.0 0.0 -1.0 0.0 1.0
-0.020905701 0.0 0.19890438 0.0 0.0 -1.0 1.0 1.0
-0.020905701 2.0 0.19890438 0.0 0.0 -1.0 1.0 0.0
-0.020905701 2.0 0.19890438 0.20791161 0.0 -0.97814757 0.0 1.0
-0.020905701 0.0 0.19890438 0.20791161 0.0 -0.97814757 0.0 0.0
-0.06180339 0.0 0.19021131 0.20791161 0.0 -0.97814757 1.0 0.0
-0.020905701 2.0 0.19890438 0.20791161 0.0 -0.97814757 0.0 1.0
-0.06180339 0.0 0.19021131 0.20791161 0.0 -0.97814757 1.0 1.0
-0.06180339 2.0 0.19021131 0.20791161 0.0 -0.97814757 1.0 0.0
-0.06180339 2.0 0.19021131 0.4067366 0.0 -0.9135454 0.0 1.0
-0.06180339 0.0 0.19021131 0.4067366 0.0 -0.9135454 0.0 0.0
-0.10000002 0.0 0.17320508 0.4067366 0.0 -0.9135454 1.0 0.0
-0.06180339 2.0 0.19021131 0.4067366 0.0 -0.9135454 0.0 1.0
-0.10000002 0.0 0.17320508 0.4067366 0.0 -0.9135454 1.0 1.0
-0.10000002 2.0 0.17320508 0.4067366 0.0 -0.9135454 1.0 0.0
-0.10000002 2.0 0.17320508 0.58778524 0.0 -0.80901706 0.0 1.0
-0.10000002 0.0 0.17320508 0.58778524 0.0 -0.80901706 0.0 0.0
-0.13382614 0.0 0.14862897 0.58778524 0.0 -0.80901706 1.0 0.0
-0.10000002 2.0 0.17320508 0.58778524 0.0 -0.80901706 0.0 1.0
-0.13382614 0.0 0.14862897 0.58778524 0.0 -0.80901706 1.0 1.0
-0.13382614 2.0 0.14862897 0.58778524 0.0 -0.80901706 1.0 0.0
-0.13382614 2.0 0.14862897 0.743145 0.0 -0.66913044 0.0 1.0
-0.13382614 0.0 0.14862897 0.743145 0.0 -0.66913044 0.0 0.0
-0.16180341 0.0 0.11755704 0.743145 0.0 -0.66913044 1.0 0.0
-0.13382614 2.0 0.14862897 0.743145 0.0 -0.66913044 0.0 1.0
-0.16180341 0.0 0.11755704 0.743145 0.0 -0.66913044 1.0 1.0
-0.16180341 2.0 0.11755704 0.743145 0.0 -0.66913044 1.0 0.0
-0.16180341 2.0 0.11755704 0.8660255 0.0 -0.4999999 0.0 1.0
-0.16180341 0.0 0.11755704 0.8660255 0.0 -0.4999999 0.0 0.0
-0.1827091 0.0 0.08134732 0.8660255 0.0 -0.4999999 1.0 0.0
-0.16180341 2.0 0.11755704 0.8660255 0.0 -0.4999999 0.0 1.0
-0.1827091 0.0 0.08134732 0.8660255 0.0 -0.4999999 1.0 1.0
-0.1827091 2.0 0.08134732 0.8660255 0.0 -0.4999999 1.0 0.0
-0.1827091 2.0 0.08134732 0.9510566 0.0 -0.3090169 0.0 1.0
-0.1827091 0.0 0.08134732 0.9510566 0.0 -0.3090169 0.0 0.0
-0.19562952 0.0 0.041582324 0.9510566 0.0 -0.3090169 1.0 0.0
-0.1827091 2.0 0.08134732 0.9510566 0.0 -0.3090169 0.0 1.0
-0.19562952 0.0 0.041582324 0.9510566 0.0 -0.3090169 1.0 1.0
-0.19562952 2.0 0.041582324 0.9510566 0.0 -0.3090169 1.0 0.0
-0.19562952 2.0 0.041582324 0.9945219 0.0 -0.10452848 0.0 1.0
-0.19562952 0.0 0.041582324 0.9945219 0.0 -0.10452848 0.0 0.0
-0.2 0.0 -1.7484556E-8 0.9945219 0.0 -0.10452848 1.0 0.0
-0.19562952 2.0 0.041582324 0.9945219 0.0 -0.10452848 0.0 1.0
-0.2 0.0 -1.7484556E-8 0.9945219 0.0 -0.10452848 1.0 1.0
-0.2 2.0 -1.7484556E-8 0.9945219 0.0 -0.10452848 1.0 0.0
-0.2 2.0 -1.7484556E-8 0.9945219 -0.0 0.10452849 0.0 1.0
-0.2 0.0 -1.7484556E-8 0.9945219 -0.0 0.10452849 0.0 0.0
-0.19562952 0.0 -0.041582357 0.9945219 -0.0 0.10452849 1.0 0.0
-0.2 2.0 -1.7484556E-8 0.9945219 -0.0 0.10452849 0.0 1.0
-0.19562952 0.0 -0.041582357 0.9945219 -0.0 0.10452849 1.0 1.0
-0.19562952 2.0 -0.041582357 0.9945219 -0.0 0.10452849 1.0 0.0
-0.19562952 2.0 -0.041582357 0.9510565 -0.0 0.30901718 0.0 1.0
-0.19562952 0.0 -0.041582357 0.9510565 -0.0 0.30901718 0.0 0.0
-0.1827091 0.0 -0.08134731 0.9510565 -0.0 0.30901718 1.0 0.0
-0.19562952 2.0 -0.041582357 0.9510565 -0.0 0.30901718 0.0 1.0
-0.1827091 0.0 -0.08134731 0.9510565 -0.0 0.30901718 1.0 1.0
-0.1827091 2.0 -0.08134731 0.9510565 -0.0 0.30901718 1.0 0.0
-0.1827091 2.0 -0.08134731 0.8660254 -0.0 0.49999994 0.0 1.0
-0.1827091 0.0 -0.08134731 0.8660254 -0.0 0.49999994 0.0 0.0
-0.16180341 0.0 -0.11755703 0.8660254 -0.0 0.49999994 1.0 0.0
-0.1827091 2.0 -0.08134731 0.8660254 -0.0 0.49999994 0.0 1.0
-0.16180341 0.0 -0.11755703 0.8660254 -0.0 0.49999994 1.0 1.0
-0.16180341 2.0 -0.11755703 0.8660254 -0.0 0.49999994 1.0 0.0
-0.16180341 2.0 -0.11755703 0.743145 -0.0 0.66913044 0.0 1.0
-0.16180341 0.0 -0.11755703 0.743145 -0.0 0.66913044 0.0 0.0
-0.13382614 0.0 -0.14862895 0.743145 -0.0 0.66913044 1.0 0.0
-0.16180341 2.0 -0.11755703 0.743145 -0.0 0.66913044 0.0 1.0
-0.13382614 0.0 -0.14862895 0.743145 -0.0 0.66913044 1.0 1.0
-0.13382614 2.0 -0.14862895 0.743145 -0.0 0.66913044 1.0 0.0
-0.13382614 2.0 -0.14862895 0.58778536 -0.0 0.80901694 0.0 1.0
-0.13382614 0.0 -0.14862895 0.58778536 -0.0 0.80901694 0.0 0.0
-0.09999999 0.0 -0.17320509 0.58778536 -0.0 0.80901694 1.0 0.0
-0.13382614 2.0 -0.14862895 0.58778536 -0.0 0.80901694 0.0 1.0
-0.09999999 0.0 -0.17320509 0.58778536 -0.0 0.80901694 1.0 1.0
-0.09999999 2.0 -0.17320509 0.58778536 -0.0 0.80901694 1.0 0.0
-0.09999999 2.0 -0.17320509 0.40673655 -0.0 0.9135455 0.0 1.0
-0.09999999 0.0 -0.17320509 0.40673655 -0.0 0.9135455 0.0 0.0
-0.06180342 0.0 -0.1902113 0.40673655 -0.0 0.9135455 1.0 0.0
-0.09999999 2.0 -0.17320509 0.40673655 -0.0 0.9135455 0.0 1.0
-0.06180342 0.0 -0.1902113 0.40673655 -0.0 0.9135455 1.0 1.0
-0.06180342 2.0 -0.1902113 0.40673655 -0.0 0.9135455 1.0 0.0
-0.06180342 2.0 -0.1902113 0.20791169 -0.0 0.9781476 0.0 1.0
-0.06180342 0.0 -0.1902113 0.20791169 -0.0 0.9781476 0.0 0.0
-0.020905668 0.0 -0.19890438 0.20791169 -0.0 0.9781476 1.0 0.0
-0.06180342 2.0 -0.1902113 0.20791169 -0.0 0.9781476 0.0 1.0
-0.020905668 0.0 -0.19890438 0.20791169 -0.0 0.9781476 1.0 1.0
-0.020905668 2.0 -0.19890438 0.20791169 -0.0 0.9781476 1.0 0.0
-0.020905668 2.0 -0.19890438 0.0 0.0 0.99999994 0.0 1.0
-0.020905668 0.0 -0.19890438 0.0 0.0 0.99999994 0.0 0.0
0.020905672 0.0 -0.19890438 0.0 0.0 0.99999994 1.0 0.0
-0.020905668 2.0 -0.19890438 0.0 -0.0 0.99999994 0.0 1.0
0.020905672 0.0 -0.19890438 0.0 -0.0 0.99999994 1.0 1.0
0.020905672 2.0 -0.19890438 0.0 -0.0 0.99999994 1.0 0.0
0.020905672 2.0 -0.19890438 -0.20791163 0.0 0.97814757 0.0 1.0
0.020905672 0.0 -0.19890438 -0.20791163 0.0 0.97814757 0.0 0.0
0.061803427 0.0 -0.1902113 -0.20791163 0.0 0.97814757 1.0 0.0
0.020905672 2.0 -0.19890438 -0.20791163 0.0 0.97814757 0.0 1.0
0.061803427 0.0 -0.1902113 -0.20791163 0.0 0.97814757 1.0 1.0
0.061803427 2.0 -0.1902113 -0.20791163 0.0 0.97814757 1.0 0.0
0.061803427 2.0 -0.1902113 -0.4067366 0.0 0.9135454 0.0 1.0
0.061803427 0.0 -0.1902113 -0.4067366 0.0 0.9135454 0.0 0.0
0.09999999 0.0 -0.17320509 -0.4067366 0.0 0.9135454 1.0 0.0
0.061803427 2.0 -0.1902113 -0.4067366 0.0 0.9135454 0.0 1.0
0.09999999 0.0 -0.17320509 -0.4067366 0.0 0.9135454 1.0 1.0
0.09999999 2.0 -0.17320509 -0.4067366 0.0 0.9135454 1.0 0.0
0.09999999 2.0 -0.17320509 -0.5877852 0.0 0.809017 0.0 1.0
0.09999999 0.0 -0.17320509 -0.5877852 0.0 0.809017 0.0 0.0
0.13382615 0.0 -0.14862895 -0.5877852 0.0 0.809017 1.0 0.0
0.09999999 2.0 -0.17320509 -0.5877852 0.0 0.809017 0.0 1.0
0.13382615 0.0 -0.14862895 -0.5877852 0.0 0.809017 1.0 1.0
0.13382615 2.0 -0.14862895 -0.5877852 0.0 0.809017 1.0 0.0
0.13382615 2.0 -0.14862895 -0.74314487 0.0 0.66913044 0.0 1.0
0.13382615 0.0 -0.14862895 -0.74314487 0.0 0.66913044 0.0 0.0
0.1618034 0.0 -0.11755706 -0.74314487 0.0 0.66913044 1.0 0.0
0.13382615 2.0 -0.14862895 -0.74314487 0.0 0.66913044 0.0 1.0
0.1618034 0.0 -0.11755706 -0.74314487 0.0 0.66913044 1.0 1.0
0.1618034 2.0 -0.11755706 -0.74314487 0.0 0.66913044 1.0 0.0
0.1618034 2.0 -0.11755706 -0.8660253 0.0 0.5 0.0 1.0
0.1618034 0.0 -0.11755706 -0.8660253 0.0 0.5 0.0 0.0
0.18270911 0.0 -0.0813473 -0.8660253 0.0 0.5 1.0 0.0
0.1618034 2.0 -0.11755706 -0.8660253 0.0 0.5 0.0 1.0
0.18270911 0.0 -0.0813473 -0.8660253 0.0 0.5 1.0 1.0
0.18270911 2.0 -0.0813473 -0.8660253 0.0 0.5 1.0 0.0
0.18270911 2.0 -0.0813473 -0.95105654 0.0 0.30901685 0.0 1.0
0.18270911 0.0 -0.0813473 -0.95105654 0.0 0.30901685 0.0 0.0
0.19562952 0.0 -0.041582353 -0.95105654 0.0 0.30901685 1.0 0.0
0.18270911 2.0 -0.0813473 -0.95105654 0.0 0.30901685 0.0 1.0
0.19562952 0.0 -0.041582353 -0.95105654 0.0 0.30901685 1.0 1.0
0.19562952 2.0 -0.041582353 -0.95105654 0.0 0.30901685 1.0 0.0
0.19562952 2.0 -0.041582353 -0.9945219 0.0 0.10452836 0.0 1.0
0.19562952 0.0 -0.041582353 -0.9945219 0.0 0.10452836 0.0 0.0
0.2 0.0 3.4969112E-8 -0.9945219 0.0 0.10452836 1.0 0.0
0.19562952 2.0 -0.041582353 -0.9945219 0.0 0.10452836 0.0 1.0
0.2 0.0 3.4969112E-8 -0.9945219 0.0 0.10452836 1.0 1.0
0.2 2.0 3.4969112E-8 -0.9945219 0.0 0.10452836 1.0 0.0
