0.0 2.0 0.0 0.0 6.0
0.0 0.0 0.0 0.0 0.0
6.0 0.0 0.0 6.0 0.0
0.0 2.0 0.0 0.0 6.0
6.0 2.0 0.0 6.0 6.0
6.0 0.0 0.0 6.0 0.0
0.0 2.0 0.0 0.0 6.0
0.0 0.0 0.0 0.0 0.0
0.0 0.0 4.0 6.0 0.0
0.0 2.0 0.0 0.0 6.0
0.0 2.0 4.0 6.0 6.0
0.0 0.0 4.0 6.0 0.0
6.0 2.0 0.0 0.0 6.0
6.0 0.0 0.0 0.0 0.0
6.0 0.0 4.0 6.0 0.0
6.0 2.0 0.0 0.0 6.0
6.0 2.0 4.0 6.0 6.0
6.0 0.0 4.0 6.0 0.0
0.0 2.0 4.0 0.0 6.0
0.0 0.0 4.0 0.0 0.0
6.0 0.0 4.0 6.0 0.0
0.0 2.0 4.0 0.0 6.0
6.0 2.0 4.0 6.0 6.0
6.0 0.0 4.0 6.0 0.0
0.0 2.0 4.0 0.0 6.0
0.0 0.0 4.0 0.0 0.0
3.0 0.0 4.0 6.0 0.0
0.0 2.0 4.0 0.0 6.0
3.0 2.0 4.0 6.0 6.0
3.0 0.0 4.0 6.0 0.0
0.0 2.0 4.0 0.0 6.0
0.0 0.0 4.0 0.0 0.0
0.0 0.0 8.0 6.0 0.0
0.0 2.0 4.0 0.0 6.0
0.0 2.0 8.0 6.0 6.0
0.0 0.0 8.0 6.0 0.0
3.0 2.0 4.0 0.0 6.0
3.0 0.0 4.0 0.0 0.0
3.0 0.0 8.0 6.0 0.0
3.0 2.0 4.0 0.0 6.0
3.0 2.0 8.0 6.0 6.0
3.0 0.0 8.0 6.0 0.0
0.0 2.0 8.0 0.0 6.0
0.0 0.0 8.0 0.0 0.0
3.0 0.0 8.0 6.0 0.0
0.0 2.0 8.0 0.0 6.0
3.0 2.0 8.0 6.0 6.0
3.0 0.0 8.0 6.0 0.0
0.0 2.0 8.0 0.0 6.0
0.0 0.0 8.0 0.0 0.0
3.0 0.0 8.0 6.0 0.0
0.0 2.0 8.0 0.0 6.0
3.0 2.0 8.0 6.0 6.0
3.0 0.0 8.0 6.0 0.0
0.0 2.0 8.0 0.0 6.0
0.0 0.0 8.0 0.0 0.0
0.0 0.0 12.0 6.0 0.0
0.0 2.0 8.0 0.0 6.0
0.0 2.0 12.0 6.0 6.0
0.0 0.0 12.0 6.0 0.0
3.0 2.0 8.0 0.0 6.0
3.0 0.0 8.0 0.0 0.0
3.0 0.0 12.0 6.0 0.0
3.0 2.0 8.0 0.0 6.0
3.0 2.0 12.0 6.0 6.0
3.0 0.0 12.0 6.0 0.0
0.0 2.0 12.0 0.0 6.0
0.0 0.0 12.0 0.0 0.0
3.0 0.0 12.0 6.0 0.0
0.0 2.0 12.0 0.0 6.0
3.0 2.0 12.0 6.0 6.0
3.0 0.0 12.0 6.0 0.0
0.0 2.0 12.0 0.0 6.0
0.0 0.0 12.0 0.0 0.0
3.0 0.0 12.0 6.0 0.0
0.0 2.0 12.0 0.0 6.0
3.0 2.0 12.0 6.0 6.0
3.0 0.0 12.0 6.0 0.0
0.0 2.0 12.0 0.0 6.0
0.0 0.0 12.0 0.0 0.0
0.0 0.0 16.0 6.0 0.0
0.0 2.0 12.0 0.0 6.0
0.0 2.0 16.0 6.0 6.0
0.0 0.0 16.0 6.0 0.0
3.0 2.0 12.0 0.0 6.0
3.0 0.0 12.0 0.0 0.0
3.0 0.0 16.0 6.0 0.0
3.0 2.0 12.0 0.0 6.0
3.0 2.0 16.0 6.0 6.0
3.0 0.0 16.0 6.0 0.0
0.0 2.0 16.0 0.0 6.0
0.0 0.0 16.0 0.0 0.0
3.0 0.0 16.0 6.0 0.0
0.0 2.0 16.0 0.0 6.0
3.0 2.0 16.0 6.0 6.0
3.0 0.0 16.0 6.0 0.0
0.0 2.0 16.0 0.0 6.0
0.0 0.0 16.0 0.0 0.0
3.0 0.0 16.0 6.0 0.0
0.0 2.0 16.0 0.0 6.0
3.0 2.0 16.0 6.0 6.0
3.0 0.0 16.0 6.0 0.0
0.0 2.0 16.0 0.0 6.0
0.0 0.0 16.0 0.0 0.0
0.0 0.0 20.0 6.0 0.0
0.0 2.0 16.0 0.0 6.0
0.0 2.0 20.0 6.0 6.0
0.0 0.0 20.0 6.0 0.0
3.0 2.0 16.0 0.0 6.0
3.0 0.0 16.0 0.0 0.0
3.0 0.0 20.0 6.0 0.0
3.0 2.0 16.0 0.0 6.0
3.0 2.0 20.0 6.0 6.0
3.0 0.0 20.0 6.0 0.0
0.0 2.0 20.0 0.0 6.0
0.0 0.0 20.0 0.0 0.0
3.0 0.0 20.0 6.0 0.0
0.0 2.0 20.0 0.0 6.0
3.0 2.0 20.0 6.0 6.0
3.0 0.0 20.0 6.0 0.0
0.0 2.0 20.0 0.0 6.0
0.0 0.0 20.0 0.0 0.0
3.0 0.0 20.0 6.0 0.0
0.0 2.0 20.0 0.0 6.0
3.0 2.0 20.0 6.0 6.0
3.0 0.0 20.0 6.0 0.0
0.0 2.0 20.0 0.0 6.0
0.0 0.0 20.0 0.0 0.0
0.0 0.0 24.0 6.0 0.0
0.0 2.0 20.0 0.0 6.0
0.0 2.0 24.0 6.0 6.0
0.0 0.0 24.0 6.0 0.0
3.0 2.0 20.0 0.0 6.0
3.0 0.0 20.0 0.0 0.0
3.0 0.0 24.0 6.0 0.0
3.0 2.0 20.0 0.0 6.0
3.0 2.0 24.0 6.0 6.0
3.0 0.0 24.0 6.0 0.0
0.0 2.0 24.0 0.0 6.0
0.0 0.0 24.0 0.0 0.0
3.0 0.0 24.0 6.0 0.0
0.0 2.0 24.0 0.0 6.0
3.0 2.0 24.0 6.0 6.0
3.0 0.0 24.0 6.0 0.0
0.0 2.0 24.0 0.0 6.0
0.0 0.0 24.0 0.0 0.0
6.0 0.0 24.0 6.0 0.0
0.0 2.0 24.0 0.0 6.0
6.0 2.0 24.0 6.0 6.0
6.0 0.0 24.0 6.0 0.0
0.0 2.0 24.0 0.0 6.0
0.0 0.0 24.0 0.0 0.0
0.0 0.0 28.0 6.0 0.0
0.0 2.0 24.0 0.0 6.0
0.0 2.0 28.0 6.0 6.0
0.0 0.0 28.0 6.0 0.0
6.0 2.0 24.0 0.0 6.0
6.0 0.0 24.0 0.0 0.0
6.0 0.0 28.0 6.0 0.0
6.0 2.0 24.0 0.0 6.0
6.0 2.0 28.0 6.0 6.0
6.0 0.0 28.0 6.0 0.0
0.0 2.0 28.0 0.0 6.0
0.0 0.0 28.0 0.0 0.0
6.0 0.0 28.0 6.0 0.0
0.0 2.0 28.0 0.0 6.0
6.0 2.0 28.0 6.0 6.0
6.0 0.0 28.0 6.0 0.0
6.0 2.0 0.0 0.0 6.0
6.0 0.0 0.0 0.0 0.0
9.0 0.0 0.0 6.0 0.0
6.0 2.0 0.0 0.0 6.0
9.0 2.0 0.0 6.0 6.0
9.0 0.0 0.0 6.0 0.0
6.0 2.0 0.0 0.0 6.0
6.0 0.0 0.0 0.0 0.0
6.0 0.0 4.0 6.0 0.0
6.0 2.0 0.0 0.0 6.0
6.0 2.0 4.0 6.0 6.0
6.0 0.0 4.0 6.0 0.0
9.0 2.0 0.0 0.0 6.0
9.0 0.0 0.0 0.0 0.0
9.0 0.0 4.0 6.0 0.0
9.0 2.0 0.0 0.0 6.0
9.0 2.0 4.0 6.0 6.0
9.0 0.0 4.0 6.0 0.0
6.0 2.0 4.0 0.0 6.0
6.0 0.0 4.0 0.0 0.0
9.0 0.0 4.0 6.0 0.0
6.0 2.0 4.0 0.0 6.0
9.0 2.0 4.0 6.0 6.0
9.0 0.0 4.0 6.0 0.0
6.0 2.0 8.0 0.0 6.0
6.0 0.0 8.0 0.0 0.0
9.0 0.0 8.0 6.0 0.0
6.0 2.0 8.0 0.0 6.0
9.0 2.0 8.0 6.0 6.0
9.0 0.0 8.0 6.0 0.0
6.0 2.0 8.0 0.0 6.0
6.0 0.0 8.0 0.0 0.0
6.0 0.0 12.0 6.0 0.0
6.0 2.0 8.0 0.0 6.0
6.0 2.0 12.0 6.0 6.0
6.0 0.0 12.0 6.0 0.0
9.0 2.0 8.0 0.0 6.0
9.0 0.0 8.0 0.0 0.0
9.0 0.0 12.0 6.0 0.0
9.0 2.0 8.0 0.0 6.0
9.0 2.0 12.0 6.0 6.0
9.0 0.0 12.0 6.0 0.0
6.0 2.0 12.0 0.0 6.0
6.0 0.0 12.0 0.0 0.0
9.0 0.0 12.0 6.0 0.0
6.0 2.0 12.0 0.0 6.0
9.0 2.0 12.0 6.0 6.0
9.0 0.0 12.0 6.0 0.0
6.0 2.0 12.0 0.0 6.0
6.0 0.0 12.0 0.0 0.0
9.0 0.0 12.0 6.0 0.0
6.0 2.0 12.0 0.0 6.0
9.0 2.0 12.0 6.0 6.0
9.0 0.0 12.0 6.0 0.0
6.0 2.0 12.0 0.0 6.0
6.0 0.0 12.0 0.0 0.0
6.0 0.0 16.0 6.0 0.0
6.0 2.0 12.0 0.0 6.0
6.0 2.0 16.0 6.0 6.0
6.0 0.0 16.0 6.0 0.0
9.0 2.0 12.0 0.0 6.0
9.0 0.0 12.0 0.0 0.0
9.0 0.0 16.0 6.0 0.0
9.0 2.0 12.0 0.0 6.0
9.0 2.0 16.0 6.0 6.0
9.0 0.0 16.0 6.0 0.0
6.0 2.0 16.0 0.0 6.0
6.0 0.0 16.0 0.0 0.0
9.0 0.0 16.0 6.0 0.0
6.0 2.0 16.0 0.0 6.0
9.0 2.0 16.0 6.0 6.0
9.0 0.0 16.0 6.0 0.0
6.0 2.0 16.0 0.0 6.0
6.0 0.0 16.0 0.0 0.0
9.0 0.0 16.0 6.0 0.0
6.0 2.0 16.0 0.0 6.0
9.0 2.0 16.0 6.0 6.0
9.0 0.0 16.0 6.0 0.0
6.0 2.0 16.0 0.0 6.0
6.0 0.0 16.0 0.0 0.0
6.0 0.0 20.0 6.0 0.0
6.0 2.0 16.0 0.0 6.0
6.0 2.0 20.0 6.0 6.0
6.0 0.0 20.0 6.0 0.0
9.0 2.0 16.0 0.0 6.0
9.0 0.0 16.0 0.0 0.0
9.0 0.0 20.0 6.0 0.0
9.0 2.0 16.0 0.0 6.0
9.0 2.0 20.0 6.0 6.0
9.0 0.0 20.0 6.0 0.0
6.0 2.0 20.0 0.0 6.0
6.0 0.0 20.0 0.0 0.0
9.0 0.0 20.0 6.0 0.0
6.0 2.0 20.0 0.0 6.0
9.0 2.0 20.0 6.0 6.0
9.0 0.0 20.0 6.0 0.0
6.0 2.0 24.0 0.0 6.0
6.0 0.0 24.0 0.0 0.0
9.0 0.0 24.0 6.0 0.0
6.0 2.0 24.0 0.0 6.0
9.0 2.0 24.0 6.0 6.0
9.0 0.0 24.0 6.0 0.0
6.0 2.0 24.0 0.0 6.0
6.0 0.0 24.0 0.0 0.0
6.0 0.0 28.0 6.0 0.0
6.0 2.0 24.0 0.0 6.0
6.0 2.0 28.0 6.0 6.0
6.0 0.0 28.0 6.0 0.0
9.0 2.0 24.0 0.0 6.0
9.0 0.0 24.0 0.0 0.0
9.0 0.0 28.0 6.0 0.0
9.0 2.0 24.0 0.0 6.0
9.0 2.0 28.0 6.0 6.0
9.0 0.0 28.0 6.0 0.0
6.0 2.0 28.0 0.0 6.0
6.0 0.0 28.0 0.0 0.0
9.0 0.0 28.0 6.0 0.0
6.0 2.0 28.0 0.0 6.0
9.0 2.0 28.0 6.0 6.0
9.0 0.0 28.0 6.0 0.0
9.0 2.0 0.0 0.0 6.0
9.0 0.0 0.0 0.0 0.0
12.0 0.0 0.0 6.0 0.0
9.0 2.0 0.0 0.0 6.0
12.0 2.0 0.0 6.0 6.0
12.0 0.0 0.0 6.0 0.0
9.0 2.0 0.0 0.0 6.0
9.0 0.0 0.0 0.0 0.0
9.0 0.0 4.0 6.0 0.0
9.0 2.0 0.0 0.0 6.0
9.0 2.0 4.0 6.0 6.0
9.0 0.0 4.0 6.0 0.0
12.0 2.0 0.0 0.0 6.0
12.0 0.0 0.0 0.0 0.0
12.0 0.0 4.0 6.0 0.0
12.0 2.0 0.0 0.0 6.0
12.0 2.0 4.0 6.0 6.0
12.0 0.0 4.0 6.0 0.0
9.0 2.0 4.0 0.0 6.0
9.0 0.0 4.0 0.0 0.0
12.0 0.0 4.0 6.0 0.0
9.0 2.0 4.0 0.0 6.0
12.0 2.0 4.0 6.0 6.0
12.0 0.0 4.0 6.0 0.0
9.0 2.0 24.0 0.0 6.0
9.0 0.0 24.0 0.0 0.0
12.0 0.0 24.0 6.0 0.0
9.0 2.0 24.0 0.0 6.0
12.0 2.0 24.0 6.0 6.0
12.0 0.0 24.0 6.0 0.0
9.0 2.0 24.0 0.0 6.0
9.0 0.0 24.0 0.0 0.0
9.0 0.0 28.0 6.0 0.0
9.0 2.0 24.0 0.0 6.0
9.0 2.0 28.0 6.0 6.0
9.0 0.0 28.0 6.0 0.0
12.0 2.0 24.0 0.0 6.0
12.0 0.0 24.0 0.0 0.0
12.0 0.0 28.0 6.0 0.0
12.0 2.0 24.0 0.0 6.0
12.0 2.0 28.0 6.0 6.0
12.0 0.0 28.0 6.0 0.0
9.0 2.0 28.0 0.0 6.0
9.0 0.0 28.0 0.0 0.0
12.0 0.0 28.0 6.0 0.0
9.0 2.0 28.0 0.0 6.0
12.0 2.0 28.0 6.0 6.0
12.0 0.0 28.0 6.0 0.0
12.0 2.0 0.0 0.0 6.0
12.0 0.0 0.0 0.0 0.0
15.0 0.0 0.0 6.0 0.0
12.0 2.0 0.0 0.0 6.0
15.0 2.0 0.0 6.0 6.0
15.0 0.0 0.0 6.0 0.0
12.0 2.0 0.0 0.0 6.0
12.0 0.0 0.0 0.0 0.0
12.0 0.0 4.0 6.0 0.0
12.0 2.0 0.0 0.0 6.0
12.0 2.0 4.0 6.0 6.0
12.0 0.0 4.0 6.0 0.0
15.0 2.0 0.0 0.0 6.0
15.0 0.0 0.0 0.0 0.0
15.0 0.0 4.0 6.0 0.0
15.0 2.0 0.0 0.0 6.0
15.0 2.0 4.0 6.0 6.0
15.0 0.0 4.0 6.0 0.0
12.0 2.0 4.0 0.0 6.0
12.0 0.0 4.0 0.0 0.0
15.0 0.0 4.0 6.0 0.0
12.0 2.0 4.0 0.0 6.0
15.0 2.0 4.0 6.0 6.0
15.0 0.0 4.0 6.0 0.0
12.0 2.0 8.0 0.0 6.0
12.0 0.0 8.0 0.0 0.0
15.0 0.0 8.0 6.0 0.0
12.0 2.0 8.0 0.0 6.0
15.0 2.0 8.0 6.0 6.0
15.0 0.0 8.0 6.0 0.0
12.0 2.0 8.0 0.0 6.0
12.0 0.0 8.0 0.0 0.0
12.0 0.0 12.0 6.0 0.0
12.0 2.0 8.0 0.0 6.0
12.0 2.0 12.0 6.0 6.0
12.0 0.0 12.0 6.0 0.0
15.0 2.0 8.0 0.0 6.0
15.0 0.0 8.0 0.0 0.0
15.0 0.0 12.0 6.0 0.0
15.0 2.0 8.0 0.0 6.0
15.0 2.0 12.0 6.0 6.0
15.0 0.0 12.0 6.0 0.0
12.0 2.0 12.0 0.0 6.0
12.0 0.0 12.0 0.0 0.0
15.0 0.0 12.0 6.0 0.0
12.0 2.0 12.0 0.0 6.0
15.0 2.0 12.0 6.0 6.0
15.0 0.0 12.0 6.0 0.0
12.0 2.0 12.0 0.0 6.0
12.0 0.0 12.0 0.0 0.0
15.0 0.0 12.0 6.0 0.0
12.0 2.0 12.0 0.0 6.0
15.0 2.0 12.0 6.0 6.0
15.0 0.0 12.0 6.0 0.0
12.0 2.0 12.0 0.0 6.0
12.0 0.0 12.0 0.0 0.0
12.0 0.0 16.0 6.0 0.0
12.0 2.0 12.0 0.0 6.0
12.0 2.0 16.0 6.0 6.0
12.0 0.0 16.0 6.0 0.0
15.0 2.0 12.0 0.0 6.0
15.0 0.0 12.0 0.0 0.0
15.0 0.0 16.0 6.0 0.0
15.0 2.0 12.0 0.0 6.0
15.0 2.0 16.0 6.0 6.0
15.0 0.0 16.0 6.0 0.0
12.0 2.0 16.0 0.0 6.0
12.0 0.0 16.0 0.0 0.0
15.0 0.0 16.0 6.0 0.0
12.0 2.0 16.0 0.0 6.0
15.0 2.0 16.0 6.0 6.0
15.0 0.0 16.0 6.0 0.0
12.0 2.0 16.0 0.0 6.0
12.0 0.0 16.0 0.0 0.0
15.0 0.0 16.0 6.0 0.0
12.0 2.0 16.0 0.0 6.0
15.0 2.0 16.0 6.0 6.0
15.0 0.0 16.0 6.0 0.0
12.0 2.0 16.0 0.0 6.0
12.0 0.0 16.0 0.0 0.0
12.0 0.0 20.0 6.0 0.0
12.0 2.0 16.0 0.0 6.0
12.0 2.0 20.0 6.0 6.0
12.0 0.0 20.0 6.0 0.0
15.0 2.0 16.0 0.0 6.0
15.0 0.0 16.0 0.0 0.0
15.0 0.0 20.0 6.0 0.0
15.0 2.0 16.0 0.0 6.0
15.0 2.0 20.0 6.0 6.0
15.0 0.0 20.0 6.0 0.0
12.0 2.0 20.0 0.0 6.0
12.0 0.0 20.0 0.0 0.0
15.0 0.0 20.0 6.0 0.0
12.0 2.0 20.0 0.0 6.0
15.0 2.0 20.0 6.0 6.0
15.0 0.0 20.0 6.0 0.0
12.0 2.0 24.0 0.0 6.0
12.0 0.0 24.0 0.0 0.0
15.0 0.0 24.0 6.0 0.0
12.0 2.0 24.0 0.0 6.0
15.0 2.0 24.0 6.0 6.0
15.0 0.0 24.0 6.0 0.0
12.0 2.0 24.0 0.0 6.0
12.0 0.0 24.0 0.0 0.0
12.0 0.0 28.0 6.0 0.0
12.0 2.0 24.0 0.0 6.0
12.0 2.0 28.0 6.0 6.0
12.0 0.0 28.0 6.0 0.0
15.0 2.0 24.0 0.0 6.0
15.0 0.0 24.0 0.0 0.0
15.0 0.0 28.0 6.0 0.0
15.0 2.0 24.0 0.0 6.0
15.0 2.0 28.0 6.0 6.0
15.0 0.0 28.0 6.0 0.0
12.0 2.0 28.0 0.0 6.0
12.0 0.0 28.0 0.0 0.0
15.0 0.0 28.0 6.0 0.0
12.0 2.0 28.0 0.0 6.0
15.0 2.0 28.0 6.0 6.0
15.0 0.0 28.0 6.0 0.0
15.0 2.0 0.0 0.0 6.0
15.0 0.0 0.0 0.0 0.0
21.0 0.0 0.0 6.0 0.0
15.0 2.0 0.0 0.0 6.0
21.0 2.0 0.0 6.0 6.0
21.0 0.0 0.0 6.0 0.0
15.0 2.0 0.0 0.0 6.0
15.0 0.0 0.0 0.0 0.0
15.0 0.0 4.0 6.0 0.0
15.0 2.0 0.0 0.0 6.0
15.0 2.0 4.0 6.0 6.0
15.0 0.0 4.0 6.0 0.0
21.0 2.0 0.0 0.0 6.0
21.0 0.0 0.0 0.0 0.0
21.0 0.0 4.0 6.0 0.0
21.0 2.0 0.0 0.0 6.0
21.0 2.0 4.0 6.0 6.0
21.0 0.0 4.0 6.0 0.0
15.0 2.0 4.0 0.0 6.0
15.0 0.0 4.0 0.0 0.0
21.0 0.0 4.0 6.0 0.0
15.0 2.0 4.0 0.0 6.0
21.0 2.0 4.0 6.0 6.0
21.0 0.0 4.0 6.0 0.0
15.0 2.0 24.0 0.0 6.0
15.0 0.0 24.0 0.0 0.0
21.0 0.0 24.0 6.0 0.0
15.0 2.0 24.0 0.0 6.0
21.0 2.0 24.0 6.0 6.0
21.0 0.0 24.0 6.0 0.0
15.0 2.0 24.0 0.0 6.0
15.0 0.0 24.0 0.0 0.0
15.0 0.0 28.0 6.0 0.0
15.0 2.0 24.0 0.0 6.0
15.0 2.0 28.0 6.0 6.0
15.0 0.0 28.0 6.0 0.0
21.0 2.0 24.0 0.0 6.0
21.0 0.0 24.0 0.0 0.0
21.0 0.0 28.0 6.0 0.0
21.0 2.0 24.0 0.0 6.0
21.0 2.0 28.0 6.0 6.0
21.0 0.0 28.0 6.0 0.0
15.0 2.0 28.0 0.0 6.0
15.0 0.0 28.0 0.0 0.0
21.0 0.0 28.0 6.0 0.0
15.0 2.0 28.0 0.0 6.0
21.0 2.0 28.0 6.0 6.0
21.0 0.0 28.0 6.0 0.0
18.0 2.0 4.0 0.0 6.0
18.0 0.0 4.0 0.0 0.0
21.0 0.0 4.0 6.0 0.0
18.0 2.0 4.0 0.0 6.0
21.0 2.0 4.0 6.0 6.0
21.0 0.0 4.0 6.0 0.0
18.0 2.0 4.0 0.0 6.0
18.0 0.0 4.0 0.0 0.0
18.0 0.0 8.0 6.0 0.0
18.0 2.0 4.0 0.0 6.0
18.0 2.0 8.0 6.0 6.0
18.0 0.0 8.0 6.0 0.0
21.0 2.0 4.0 0.0 6.0
21.0 0.0 4.0 0.0 0.0
21.0 0.0 8.0 6.0 0.0
21.0 2.0 4.0 0.0 6.0
21.0 2.0 8.0 6.0 6.0
21.0 0.0 8.0 6.0 0.0
18.0 2.0 8.0 0.0 6.0
18.0 0.0 8.0 0.0 0.0
21.0 0.0 8.0 6.0 0.0
18.0 2.0 8.0 0.0 6.0
21.0 2.0 8.0 6.0 6.0
21.0 0.0 8.0 6.0 0.0
18.0 2.0 8.0 0.0 6.0
18.0 0.0 8.0 0.0 0.0
21.0 0.0 8.0 6.0 0.0
18.0 2.0 8.0 0.0 6.0
21.0 2.0 8.0 6.0 6.0
21.0 0.0 8.0 6.0 0.0
18.0 2.0 8.0 0.0 6.0
18.0 0.0 8.0 0.0 0.0
18.0 0.0 12.0 6.0 0.0
18.0 2.0 8.0 0.0 6.0
18.0 2.0 12.0 6.0 6.0
18.0 0.0 12.0 6.0 0.0
21.0 2.0 8.0 0.0 6.0
21.0 0.0 8.0 0.0 0.0
21.0 0.0 12.0 6.0 0.0
21.0 2.0 8.0 0.0 6.0
21.0 2.0 12.0 6.0 6.0
21.0 0.0 12.0 6.0 0.0
18.0 2.0 12.0 0.0 6.0
18.0 0.0 12.0 0.0 0.0
21.0 0.0 12.0 6.0 0.0
18.0 2.0 12.0 0.0 6.0
21.0 2.0 12.0 6.0 6.0
21.0 0.0 12.0 6.0 0.0
18.0 2.0 12.0 0.0 6.0
18.0 0.0 12.0 0.0 0.0
21.0 0.0 12.0 6.0 0.0
18.0 2.0 12.0 0.0 6.0
21.0 2.0 12.0 6.0 6.0
21.0 0.0 12.0 6.0 0.0
18.0 2.0 12.0 0.0 6.0
18.0 0.0 12.0 0.0 0.0
18.0 0.0 16.0 6.0 0.0
18.0 2.0 12.0 0.0 6.0
18.0 2.0 16.0 6.0 6.0
18.0 0.0 16.0 6.0 0.0
21.0 2.0 12.0 0.0 6.0
21.0 0.0 12.0 0.0 0.0
21.0 0.0 16.0 6.0 0.0
21.0 2.0 12.0 0.0 6.0
21.0 2.0 16.0 6.0 6.0
21.0 0.0 16.0 6.0 0.0
18.0 2.0 16.0 0.0 6.0
18.0 0.0 16.0 0.0 0.0
21.0 0.0 16.0 6.0 0.0
18.0 2.0 16.0 0.0 6.0
21.0 2.0 16.0 6.0 6.0
21.0 0.0 16.0 6.0 0.0
18.0 2.0 16.0 0.0 6.0
18.0 0.0 16.0 0.0 0.0
21.0 0.0 16.0 6.0 0.0
18.0 2.0 16.0 0.0 6.0
21.0 2.0 16.0 6.0 6.0
21.0 0.0 16.0 6.0 0.0
18.0 2.0 16.0 0.0 6.0
18.0 0.0 16.0 0.0 0.0
18.0 0.0 20.0 6.0 0.0
18.0 2.0 16.0 0.0 6.0
18.0 2.0 20.0 6.0 6.0
18.0 0.0 20.0 6.0 0.0
21.0 2.0 16.0 0.0 6.0
21.0 0.0 16.0 0.0 0.0
21.0 0.0 20.0 6.0 0.0
21.0 2.0 16.0 0.0 6.0
21.0 2.0 20.0 6.0 6.0
21.0 0.0 20.0 6.0 0.0
18.0 2.0 20.0 0.0 6.0
18.0 0.0 20.0 0.0 0.0
21.0 0.0 20.0 6.0 0.0
18.0 2.0 20.0 0.0 6.0
21.0 2.0 20.0 6.0 6.0
21.0 0.0 20.0 6.0 0.0
18.0 2.0 20.0 0.0 6.0
18.0 0.0 20.0 0.0 0.0
21.0 0.0 20.0 6.0 0.0
18.0 2.0 20.0 0.0 6.0
21.0 2.0 20.0 6.0 6.0
21.0 0.0 20.0 6.0 0.0
18.0 2.0 20.0 0.0 6.0
18.0 0.0 20.0 0.0 0.0
18.0 0.0 24.0 6.0 0.0
18.0 2.0 20.0 0.0 6.0
18.0 2.0 24.0 6.0 6.0
18.0 0.0 24.0 6.0 0.0
21.0 2.0 20.0 0.0 6.0
21.0 0.0 20.0 0.0 0.0
21.0 0.0 24.0 6.0 0.0
21.0 2.0 20.0 0.0 6.0
21.0 2.0 24.0 6.0 6.0
21.0 0.0 24.0 6.0 0.0
18.0 2.0 24.0 0.0 6.0
18.0 0.0 24.0 0.0 0.0
21.0 0.0 24.0 6.0 0.0
18.0 2.0 24.0 0.0 6.0
21.0 2.0 24.0 6.0 6.0
21.0 0.0 24.0 6.0 0.0